[config]
label = 'H1 Inclusive Jets'
short_label = 'H1 Incl. Jets'
reference = ''
theory_type = fastNLO
theory_table = fnh5001_I1301218.tab

[data_description]
Q2_min      = bin
Q2_max      = bin
Pt_min      = bin
Pt_max      = bin
CS          = data
theory      = theory
stat        = exp_uncert:percentage
# sys         = exp_uncert:percentage
# tot         = exp_uncert:percentage
had         = data_correction
haderr      = theo_uncert:percentage
EW          = theo_correction
JES         = exp_uncert:corr:percentage:multiplicative:fit
EHFS        = exp_uncert:corr:percentage:multiplicative:fit
Ee          = exp_uncert:corr:percentage:multiplicative:fit
ThE         = exp_uncert:corr:percentage:multiplicative:fit
IDe         = exp_uncert:corr:percentage:multiplicative:fit
LArN        = exp_uncert:corr:percentage:multiplicative:fit
Trig        = exp_uncert:corr:percentage:multiplicative:fit
Lumi        = exp_uncert:corr:percentage:multiplicative:fit
TrCl        = exp_uncert:corr:percentage:multiplicative:fit
Bkgd        = exp_uncert:corr:percentage:multiplicative:fit
Mod         = exp_uncert:corr:percentage:multiplicative:fit
UnCorrSys   = exp_uncert:corr:percentage:multiplicative:fit
# pdf_uncert = theo_uncert:bintobin

[data]
#  Q2_min  Q2_max  Pt_min  Pt_max  CS       stat  sys   tot   had   haderr  EW    JES_up  JES_lo  EHFS_up  EHFS_lo  Ee_up  Ee_lo  ThE_up  ThE_lo  IDe_up  IDe_lo  LArN_up  LArN_lo  Trig_up  Trig_lo  Lumi_up  Lumi_lo  TrCl_up  TrCl_lo  Bkgd_up  Bkgd_lo  Mod_up  Mod_lo  UnCorrSys
   150     200     7       11      70.5817  2.7   2.9   4.0   0.93  2.2      1.00  0.94     -1.13    0.94      -1.03     -0.45   0.28    -0.38    0.33     0.49     -0.49    0.50      -0.50     1.20      -1.20     2.50      -2.50     1.00      -1.00     0.00      -0.00     1.05     -1.05    0.00
   150     200     11      18      30.9722  4.1   4.4   6.0   0.97  1.7      1.00  2.37     -2.54    0.56      -0.53     -0.68   0.46    -0.28    0.22     0.49     -0.49    0.50      -0.50     1.20      -1.20     2.50      -2.50     1.00      -1.00     0.00      -0.00     2.82     -2.82    0.00
   150     200     18      30      8.0735   6.4   5.3   8.3   0.96  1.1      1.00  3.36     -3.38    0.31      -0.11     -0.40   0.47    -0.14    0.10     0.49     -0.49    0.50      -0.50     1.20      -1.20     2.50      -2.50     1.00      -1.00     0.00      -0.00     3.47     -3.47    0.00
   150     200     30      50      0.9184   15.3  12.9  20.0  0.95  0.7      1.00  4.87     -5.28    0.16      -0.12     -0.12   -0.55   -0.25    -0.06    0.49     -0.49    0.50      -0.50     1.20      -1.20     2.50      -2.50     1.00      -1.00     0.00      -0.00     11.68    -11.68   0.00
   200     270     7       11      54.7909  3.0   2.9   4.1   0.93  2.1      1.00  0.93     -1.03    1.22      -1.01     -0.60   0.87    -0.35    0.42     0.48     -0.48    0.50      -0.50     1.20      -1.20     2.50      -2.50     1.00      -1.00     0.00      -0.00     -0.62    0.62     0.00
   200     270     11      18      26.7588  4.1   4.8   6.3   0.97  1.7      1.00  2.40     -2.40    0.39      -0.41     -0.63   0.64    -0.30    0.28     0.48     -0.48    0.50      -0.50     1.20      -1.20     2.50      -2.50     1.00      -1.00     0.00      -0.00     3.38     -3.38    0.00
   200     270     18      30      7.0050   6.6   6.4   9.2   0.97  1.3      1.00  3.68     -3.41    0.23      -0.18     -0.60   0.53    -0.37    0.30     0.49     -0.49    0.50      -0.50     1.20      -1.20     2.50      -2.50     1.00      -1.00     0.00      -0.00     4.81     -4.81    0.00
   200     270     30      50      0.8518   15.2  7.4   16.9  0.96  1.2      1.00  5.70     -4.85    -0.16     -0.05     0.02    0.11    -0.31    0.29     0.49     -0.49    0.50      -0.50     1.20      -1.20     2.50      -2.50     1.00      -1.00     0.00      -0.00     4.64     -4.64    0.00
   270     400     7       11      52.1671  3.0   3.2   4.4   0.93  1.5      1.00  0.91     -1.01    1.01      -1.02     -1.00   0.72    -0.30    0.27     0.46     -0.46    0.50      -0.50     1.20      -1.20     2.50      -2.50     1.00      -1.00     0.00      -0.00     1.53     -1.53    0.00
   270     400     11      18      27.7701  4.0   4.5   6.0   0.97  1.1      1.00  2.35     -2.24    0.42      -0.44     -0.73   0.85    -0.21    0.27     0.45     -0.45    0.50      -0.50     1.20      -1.20     2.50      -2.50     1.00      -1.00     0.00      -0.00     3.09     -3.09    0.00
   270     400     18      30      6.9901   6.8   4.7   8.3   0.97  0.9      1.00  3.47     -3.69    0.17      -0.14     -0.99   0.61    -0.04    -0.30    0.45     -0.45    0.50      -0.50     1.20      -1.20     2.50      -2.50     1.00      -1.00     0.00      -0.00     1.88     -1.88    0.00
   270     400     30      50      0.8688   15.1  6.7   16.5  0.95  0.5      1.00  5.38     -5.69    -0.02     -0.24     0.81    -0.34   -0.10    0.41     0.43     -0.43    0.50      -0.50     1.20      -1.20     2.50      -2.50     1.00      -1.00     0.00      -0.00     -3.01    3.01     0.00
   400     700     7       11      48.7892  3.2   3.3   4.6   0.93  1.2      1.00  1.24     -1.41    0.71      -0.70     -1.13   1.23    -0.20    0.21     0.38     -0.38    0.50      -0.50     1.20      -1.20     2.50      -2.50     1.00      -1.00     0.00      -0.00     1.53     -1.53    0.00
   400     700     11      18      26.8789  4.1   3.3   5.3   0.97  1.0      1.00  2.02     -1.98    0.45      -0.44     -0.66   0.70    -0.13    0.11     0.37     -0.37    0.50      -0.50     1.20      -1.20     2.50      -2.50     1.00      -1.00     0.00      -0.00     1.18     -1.18    0.00
   400     700     18      30      7.9485   6.1   5.6   8.3   0.97  0.5      1.00  3.85     -3.63    0.21      -0.38     -0.84   0.81    -0.08    0.12     0.33     -0.33    0.50      -0.50     1.20      -1.20     2.50      -2.50     1.00      -1.00     0.00      -0.00     3.52     -3.52    0.00
   400     700     30      50      0.8574   16.5  10.8  19.7  0.96  0.4      1.00  5.71     -5.53    -0.09     -0.12     -0.07   -0.12   0.08     -0.14    0.24     -0.24    0.50      -0.50     1.20      -1.20     2.50      -2.50     1.00      -1.00     0.00      -0.00     -8.95    8.95     0.00
   700     5000    7       11      43.3435  3.5   3.5   5.0   0.92  0.9      1.02  1.04     -1.16    0.47      -0.42     -0.45   0.48    -0.50    0.48     1.09     -1.09    0.50      -0.50     1.20      -1.20     2.50      -2.50     1.00      -1.00     0.00      -0.00     2.17     -2.17    0.00
   700     5000    11      18      28.5001  4.0   3.3   5.2   0.97  0.5      1.02  1.62     -1.51    0.12      -0.13     -0.46   0.61    -0.62    0.58     1.14     -1.14    0.50      -0.50     1.20      -1.20     2.50      -2.50     1.00      -1.00     0.00      -0.00     1.38     -1.38    0.00
   700     5000    18      30      10.7061  4.9   4.6   6.7   0.97  0.4      1.03  2.74     -2.77    0.14      -0.12     -0.51   0.56    -0.38    0.38     1.09     -1.09    0.50      -0.50     1.20      -1.20     2.50      -2.50     1.00      -1.00     0.00      -0.00     2.75     -2.75    0.00
   700     5000    30      50      2.0424   8.5   5.7   10.2  0.96  0.3      1.02  4.77     -4.55    0.08      -0.02     -0.32   0.30    -0.18    0.16     1.02     -1.02    0.50      -0.50     1.20      -1.20     2.50      -2.50     1.00      -1.00     0.00      -0.00     2.11     -2.11    0.00
   5000    15000   7       11      2.6036   14.7  4.4   15.4  0.91  0.6      1.11  0.76     -0.89    0.32      -0.50     -0.60   -1.60   -0.32    0.59     1.90     -1.90    0.50      -0.50     1.20      -1.20     2.50      -2.50     1.00      -1.00     0.00      -0.00     -3.03    3.03     0.00
   5000    15000   11      18      1.7443   16.4  3.5   16.8  0.96  0.6      1.11  1.56     -1.16    0.11      0.03      0.20    1.22    -0.37    0.86     1.83     -1.83    0.50      -0.50     1.20      -1.20     2.50      -2.50     1.00      -1.00     0.00      -0.00     1.11     -1.11    0.00
   5000    15000   18      30      0.6711   21.6  13.4  25.4  0.99  1.1      1.11  2.22     -1.96    0.25      -0.35     -0.21   -0.00   -0.53    0.59     1.81     -1.81    0.50      -0.50     1.20      -1.20     2.50      -2.50     1.00      -1.00     0.00      -0.00     -12.88   12.88    0.00
   5000    15000   30      50      0.3087   19.7  20.0  28.0  0.98  0.8      1.11  2.94     -2.85    0.05      0.03      0.29    -0.94   0.01     0.07     1.75     -1.75    0.50      -0.50     1.20      -1.20     2.50      -2.50     1.00      -1.00     0.00      -0.00     -19.54   19.54    0.00
