   2   6   4  NormDijetQ2Pt
   Q2_min   Q2_max   Pt_min   Pt_max       CS stat.(%)  sys.(%)  tot.(%)      had  had.err       EW  JES(up)  JES(dn) EHFS(up) EHFS(dn)   Ee(up)   Ee(dn)  ThE(up)  ThE(dn)  IDe(up)  IDe(dn) LArN(up) LArN(dn) Trig(up) Trig(dn) Lumi(up) Lumi(dn) TrCl(up) TrCl(dn) Bkgd(up) Bkgd(dn)  Mod(up)  Mod(dn)  UnCorrSys
      150      200        7       11   0.0542      3.6      1.8      4.0     0.94      2.0     1.00    -0.25     0.06     0.59    -0.55    -0.47     0.26     0.07    -0.16    -0.00     0.00     0.60    -0.60     0.00    -0.00     0.00    -0.00     0.00    -0.00     0.00    -0.00     1.51    -1.51     0.00
      150      200       11       18   0.0313      5.8      3.1      6.6     0.97      1.4     1.00     1.42    -1.50    -0.44     0.41    -0.14     0.28     0.23    -0.07     0.01    -0.01     0.60    -0.60     0.00    -0.00     0.00    -0.00     0.00    -0.00     0.00    -0.00     2.65    -2.65     0.00
      150      200       18       30   0.0083      6.6      5.0      8.3     0.96      1.0     1.00     3.68    -3.52    -0.44     0.68    -0.37     0.24     0.34    -0.42    -0.00     0.00     0.60    -0.60     0.00    -0.00     0.00    -0.00     0.00    -0.00     0.00    -0.00     3.35    -3.35     0.00
      150      200       30       50   0.0010     16.4      8.7     18.6     0.96      1.2     1.00     5.03    -4.49    -0.61     0.79    -0.59    -0.38     0.34    -0.59    -0.00     0.00     0.60    -0.60     0.00    -0.00     0.00    -0.00     0.00    -0.00     0.00    -0.00     7.21    -7.21     0.00
      200      270        7       11   0.0571      4.0      1.8      4.4     0.94      1.7     1.00    -0.29     0.38     0.81    -0.63    -0.42     0.56     0.10    -0.01    -0.01     0.01     0.60    -0.60     0.00    -0.00     0.00    -0.00     0.00    -0.00     0.00    -0.00     1.39    -1.39     0.00
      200      270       11       18   0.0392      5.5      2.6      6.1     0.98      1.6     1.00     1.56    -1.99    -0.19     0.15    -0.70     0.68     0.15    -0.14    -0.01     0.01     0.60    -0.60     0.00    -0.00     0.00    -0.00     0.00    -0.00     0.00    -0.00     1.58    -1.58     0.00
      200      270       18       30   0.0093      7.4      4.4      8.6     0.97      1.0     1.00     3.30    -2.98    -0.49     0.36    -0.17     0.11     0.20    -0.27    -0.00     0.00     0.60    -0.60     0.00    -0.00     0.00    -0.00     0.00    -0.00     0.00    -0.00     3.04    -3.04     0.00
      200      270       30       50   0.0012     18.1     12.5     22.0     0.95      1.9     1.00     5.83    -3.90    -0.79     0.48    -0.06     0.05     0.09    -0.34     0.00    -0.00     0.60    -0.60     0.00    -0.00     0.00    -0.00     0.00    -0.00     0.00    -0.00    11.49   -11.49     0.00
      270      400        7       11   0.0666      3.9      1.4      4.1     0.93      1.2     1.00    -0.52     0.49     0.76    -0.72    -0.50     0.56     0.09    -0.13    -0.01     0.01     0.60    -0.60     0.00    -0.00     0.00    -0.00     0.00    -0.00     0.00    -0.00     0.65    -0.65     0.00
      270      400       11       18   0.0411      6.1      3.4      7.0     0.98      0.9     1.00     1.73    -1.70    -0.02     0.07    -0.58     0.53     0.09    -0.09    -0.02     0.02     0.60    -0.60     0.00    -0.00     0.00    -0.00     0.00    -0.00     0.00    -0.00     2.85    -2.85     0.00
      270      400       18       30   0.0138      5.9      3.1      6.7     0.97      0.8     1.00     2.86    -3.10    -0.30     0.30    -0.44     0.11     0.24    -0.42    -0.03     0.03     0.60    -0.60     0.00    -0.00     0.00    -0.00     0.00    -0.00     0.00    -0.00     0.48    -0.48     0.00
      270      400       30       50   0.0013     20.5      9.5     22.6     0.96      0.4     1.00     4.40    -5.89    -0.36     0.06    -0.24    -0.58     0.12    -0.55    -0.06     0.06     0.60    -0.60     0.00    -0.00     0.00    -0.00     0.00    -0.00     0.00    -0.00    -7.96     7.96     0.00
      400      700        7       11   0.0761      4.1      1.3      4.3     0.92      1.1     1.00    -0.45     0.64     0.67    -0.57    -0.25     0.32     0.06    -0.01    -0.01     0.01     0.60    -0.60     0.00    -0.00     0.00    -0.00     0.00    -0.00     0.00    -0.00    -0.73     0.73     0.00
      400      700       11       18   0.0495      6.3      3.0      7.0     0.97      0.9     1.00     1.28    -1.61     0.09    -0.20    -0.49     0.53     0.09    -0.12    -0.03     0.03     0.60    -0.60     0.00    -0.00     0.00    -0.00     0.00    -0.00     0.00    -0.00     2.49    -2.49     0.00
      400      700       18       30   0.0167      6.2      3.1      6.9     0.98      0.5     1.00     2.66    -2.73    -0.09     0.15    -0.29     0.34     0.13    -0.05    -0.09     0.09     0.60    -0.60     0.00    -0.00     0.00    -0.00     0.00    -0.00     0.00    -0.00     1.33    -1.33     0.00
      400      700       30       50   0.0017     20.4      6.6     21.5     0.96      0.3     1.00     4.90    -5.22    -0.20     0.17    -0.31     0.27     0.24    -0.33    -0.16     0.16     0.60    -0.60     0.00    -0.00     0.00    -0.00     0.00    -0.00     0.00    -0.00    -4.22     4.22     0.00
      700     5000        7       11   0.0827      4.4      1.8      4.7     0.92      0.6     1.00    -0.91     0.97     0.54    -0.46     0.61    -0.48     0.10    -0.06     0.02    -0.02     0.60    -0.60     0.00    -0.00     0.00    -0.00     0.00    -0.00     0.00    -0.00    -1.16     1.16     0.00
      700     5000       11       18   0.0737      5.1      1.6      5.3     0.96      0.3     1.00     0.96    -0.98     0.09    -0.07    -0.47     0.44     0.01     0.03    -0.01     0.01     0.60    -0.60     0.00    -0.00     0.00    -0.00     0.00    -0.00     0.00    -0.00     0.97    -0.97     0.00
      700     5000       18       30   0.0266      5.4      3.9      6.7     0.98      0.4     1.00     2.05    -2.05     0.08    -0.04    -0.40     0.47     0.11    -0.12    -0.07     0.07     0.60    -0.60     0.00    -0.00     0.00    -0.00     0.00    -0.00     0.00    -0.00     3.27    -3.27     0.00
      700     5000       30       50   0.0053     10.3      4.3     11.2     0.96      0.7     1.00     4.23    -4.02    -0.04     0.22    -0.53     0.21     0.35    -0.37    -0.11     0.11     0.60    -0.60     0.00    -0.00     0.00    -0.00     0.00    -0.00     0.00    -0.00     0.95    -0.95     0.00
     5000    15000        7       11   0.0853     22.9      5.1     23.5     0.89      0.2     1.00    -0.89     1.33     0.05    -0.48     0.54    -0.85     0.17     0.37     0.25    -0.25     0.60    -0.60     0.00    -0.00     0.00    -0.00     0.00    -0.00     0.00    -0.00    -4.90     4.90     0.00
     5000    15000       11       18   0.0988     20.0      7.2     21.2     0.95      0.5     1.00     2.25    -0.09     0.18    -0.09    -0.66     2.95    -0.07     1.46    -0.08     0.08     0.60    -0.60     0.00    -0.00     0.00    -0.00     0.00    -0.00     0.00    -0.00     6.76    -6.76     0.00
     5000    15000       18       30   0.0408     19.2      7.0     20.4     0.97      0.8     1.00     0.83    -2.08     0.15    -0.43    -0.47    -0.56    -0.95    -0.04    -0.04     0.04     0.60    -0.60     0.00    -0.00     0.00    -0.00     0.00    -0.00     0.00    -0.00    -6.79     6.79     0.00
     5000    15000       30       50   0.0172     26.7      9.8     28.5     0.98      1.0     1.00     2.53    -1.19    -0.03     0.21     1.16     0.18     1.31    -0.57    -0.07     0.07     0.60    -0.60     0.00    -0.00     0.00    -0.00     0.00    -0.00     0.00    -0.00    -9.57     9.57     0.00
