   2   6   4  DijetQ2Pt
   Q2_min   Q2_max   Pt_min   Pt_max   CS[pb] stat.(%)  sys.(%)  tot.(%)      had  had.err       EW  JES(up)  JES(dn) EHFS(up) EHFS(dn)   Ee(up)   Ee(dn)  ThE(up)  ThE(dn)  IDe(up)  IDe(dn) LArN(up) LArN(dn) Trig(up) Trig(dn) Lumi(up) Lumi(dn) TrCl(up) TrCl(dn) Bkgd(up) Bkgd(dn)  Mod(up)  Mod(dn)  UnCorrSys
      150      200        7       11  23.4426      3.6      3.4      4.9     0.94      2.0     1.00     0.10    -0.31     1.26    -1.27    -0.48     0.22    -0.42     0.32     0.49    -0.49     0.60    -0.60     1.20    -1.20     2.50    -2.50     1.00    -1.00     0.00    -0.00     2.12    -2.12     0.00
      150      200       11       18  13.5527      5.8      4.5      7.4     0.97      1.4     1.00     1.77    -1.87     0.23    -0.31    -0.15     0.25    -0.25     0.40     0.50    -0.50     0.60    -0.60     1.20    -1.20     2.50    -2.50     1.00    -1.00     0.00    -0.00     3.48    -3.48     0.00
      150      200       18       30   3.5748      6.7      6.1      9.1     0.96      1.0     1.00     4.03    -3.89     0.23    -0.04    -0.38     0.21    -0.15     0.06     0.49    -0.49     0.60    -0.60     1.20    -1.20     2.50    -2.50     1.00    -1.00     0.00    -0.00     4.04    -4.04     0.00
      150      200       30       50   0.4197     16.4      9.6     19.0     0.96      1.2     1.00     5.38    -4.86     0.06     0.07    -0.60    -0.42    -0.15    -0.12     0.49    -0.49     0.60    -0.60     1.20    -1.20     2.50    -2.50     1.00    -1.00     0.00    -0.00     7.81    -7.81     0.00
      200      270        7       11  18.1026      4.1      3.3      5.3     0.94      1.7     1.00     0.12    -0.03     1.38    -1.23    -0.38     0.57    -0.37     0.48     0.47    -0.47     0.60    -0.60     1.20    -1.20     2.50    -2.50     1.00    -1.00     0.00    -0.00     1.96    -1.96     0.00
      200      270       11       18  12.4284      5.6      3.9      6.8     0.98      1.6     1.00     1.97    -2.39     0.38    -0.44    -0.65     0.69    -0.32     0.35     0.48    -0.48     0.60    -0.60     1.20    -1.20     2.50    -2.50     1.00    -1.00     0.00    -0.00     2.15    -2.15     0.00
      200      270       18       30   2.9463      7.4      5.8      9.4     0.97      1.0     1.00     3.71    -3.38     0.08    -0.23    -0.12     0.12    -0.28     0.22     0.48    -0.48     0.60    -0.60     1.20    -1.20     2.50    -2.50     1.00    -1.00     0.00    -0.00     3.97    -3.97     0.00
      200      270       30       50   0.3824     18.1     13.7     22.7     0.95      1.9     1.00     6.24    -4.30    -0.22    -0.11    -0.02     0.06    -0.38     0.15     0.49    -0.49     0.60    -0.60     1.20    -1.20     2.50    -2.50     1.00    -1.00     0.00    -0.00    12.43   -12.43     0.00
      270      400        7       11  18.3413      3.9      2.8      4.8     0.93      1.2     1.00    -0.04    -0.00     1.13    -1.10    -0.51     0.54    -0.28     0.25     0.45    -0.45     0.60    -0.60     1.20    -1.20     2.50    -2.50     1.00    -1.00     0.00    -0.00     1.05    -1.05     0.00
      270      400       11       18  11.3217      6.1      4.9      7.8     0.98      0.9     1.00     2.20    -2.19     0.35    -0.31    -0.58     0.51    -0.28     0.29     0.45    -0.45     0.60    -0.60     1.20    -1.20     2.50    -2.50     1.00    -1.00     0.00    -0.00     3.72    -3.72     0.00
      270      400       18       30   3.7969      6.0      4.3      7.4     0.97      0.8     1.00     3.33    -3.59     0.06    -0.08    -0.44     0.09    -0.13    -0.05     0.43    -0.43     0.60    -0.60     1.20    -1.20     2.50    -2.50     1.00    -1.00     0.00    -0.00     1.22    -1.22     0.00
      270      400       30       50   0.3442     20.5      9.3     22.5     0.96      0.4     1.00     4.87    -6.38     0.01    -0.32    -0.24    -0.60    -0.25    -0.18     0.41    -0.41     0.60    -0.60     1.20    -1.20     2.50    -2.50     1.00    -1.00     0.00    -0.00    -7.01     7.01     0.00
      400      700        7       11  16.6655      4.1      2.5      4.8     0.92      1.1     1.00     0.12     0.05     0.90    -0.79    -0.29     0.36    -0.15     0.22     0.39    -0.39     0.60    -0.60     1.20    -1.20     2.50    -2.50     1.00    -1.00     0.00    -0.00     0.74    -0.74     0.00
      400      700       11       18  10.8409      6.3      4.7      7.8     0.97      0.9     1.00     1.85    -2.19     0.31    -0.42    -0.53     0.57    -0.12     0.10     0.37    -0.37     0.60    -0.60     1.20    -1.20     2.50    -2.50     1.00    -1.00     0.00    -0.00     3.52    -3.52     0.00
      400      700       18       30   3.6462      6.2      4.5      7.7     0.98      0.5     1.00     3.23    -3.32     0.13    -0.08    -0.33     0.38    -0.08     0.18     0.32    -0.32     0.60    -0.60     1.20    -1.20     2.50    -2.50     1.00    -1.00     0.00    -0.00     2.21    -2.21     0.00
      400      700       30       50   0.3793     20.4      7.1     21.6     0.96      0.3     1.00     5.48    -5.80     0.03    -0.05    -0.35     0.31     0.03    -0.11     0.25    -0.25     0.60    -0.60     1.20    -1.20     2.50    -2.50     1.00    -1.00     0.00    -0.00    -3.68     3.68     0.00
      700     5000        7       11  14.8576      4.4      2.9      5.3     0.92      0.6     1.02    -0.41     0.46     0.62    -0.52     0.77    -0.64    -0.38     0.39     1.17    -1.17     0.60    -0.60     1.20    -1.20     2.50    -2.50     1.00    -1.00     0.00    -0.00     1.04    -1.04     0.00
      700     5000       11       18  13.2436      5.1      3.6      6.2     0.96      0.3     1.02     1.46    -1.49     0.16    -0.13    -0.31     0.28    -0.47     0.48     1.14    -1.14     0.60    -0.60     1.20    -1.20     2.50    -2.50     1.00    -1.00     0.00    -0.00     2.06    -2.06     0.00
      700     5000       18       30   4.7710      5.4      6.1      8.2     0.98      0.4     1.03     2.55    -2.56     0.15    -0.10    -0.24     0.31    -0.36     0.34     1.08    -1.08     0.60    -0.60     1.20    -1.20     2.50    -2.50     1.00    -1.00     0.00    -0.00     4.99    -4.99     0.00
      700     5000       30       50   0.9571     10.3      5.6     11.7     0.96      0.7     1.01     4.72    -4.53     0.03     0.16    -0.37     0.05    -0.12     0.09     1.04    -1.04     0.60    -0.60     1.20    -1.20     2.50    -2.50     1.00    -1.00     0.00    -0.00     2.03    -2.03     0.00
     5000    15000        7       11   0.7295     23.0      4.0     23.3     0.89      0.2     1.11    -0.33     0.78     0.08    -0.50     1.07    -1.42    -0.13     0.67     2.14    -2.14     0.60    -0.60     1.20    -1.20     2.50    -2.50     1.00    -1.00     0.00    -0.00    -2.16     2.16     0.00
     5000    15000       11       18   0.8453     20.1     10.2     22.5     0.95      0.5     1.11     2.81    -0.63     0.20    -0.10    -0.14     2.38    -0.37     1.77     1.82    -1.82     0.60    -0.60     1.20    -1.20     2.50    -2.50     1.00    -1.00     0.00    -0.00     9.49    -9.49     0.00
     5000    15000       18       30   0.3487     19.3      6.0     20.2     0.97      0.8     1.11     1.39    -2.63     0.18    -0.44     0.05    -1.13    -1.25     0.27     1.85    -1.85     0.60    -0.60     1.20    -1.20     2.50    -2.50     1.00    -1.00     0.00    -0.00    -4.82     4.82     0.00
     5000    15000       30       50   0.1469     26.9      8.5     28.2     0.98      1.0     1.11     3.09    -1.73    -0.01     0.20     1.68    -0.39     1.01    -0.26     1.83    -1.83     0.60    -0.60     1.20    -1.20     2.50    -2.50     1.00    -1.00     0.00    -0.00    -7.54     7.54     0.00
