   2   6   11  NormAllJetsQ2Pt
   Q2_min   Q2_max   Pt_min   Pt_max       CS stat.(%)  sys.(%)  tot.(%)      had  had.err       EW  JES(up)  JES(dn) EHFS(up) EHFS(dn)   Ee(up)   Ee(dn)  ThE(up)  ThE(dn)  IDe(up)  IDe(dn) LArN(up) LArN(dn) Trig(up) Trig(dn) Lumi(up) Lumi(dn) TrCl(up) TrCl(dn) Bkgd(up) Bkgd(dn)  Mod(up)  Mod(dn)  UnCorrSys
      150      200        7       11   0.1632      2.7      1.1      2.9     0.93      2.2     1.00     0.58    -0.76     0.27    -0.31    -0.44     0.31     0.11    -0.14     0.00    -0.00     0.50    -0.50     0.00    -0.00     0.00    -0.00     0.00    -0.00     0.00    -0.00    -0.58     0.58     0.00
      150      200       11       18   0.0716      4.1      3.0      5.1     0.97      1.7     1.00     2.02    -2.17    -0.11     0.19    -0.67     0.50     0.21    -0.26    -0.00     0.00     0.50    -0.50     0.00    -0.00     0.00    -0.00     0.00    -0.00     0.00    -0.00     2.04    -2.04     0.00
      150      200       18       30   0.0187      6.4      4.2      7.7     0.96      1.1     1.00     3.01    -3.01    -0.35     0.61    -0.38     0.51     0.35    -0.38     0.00    -0.00     0.50    -0.50     0.00    -0.00     0.00    -0.00     0.00    -0.00     0.00    -0.00     2.86    -2.86     0.00
      150      200       30       50   0.0021     15.3     11.9     19.4     0.95      0.7     1.00     4.52    -4.91    -0.51     0.60    -0.11    -0.51     0.24    -0.54    -0.00     0.00     0.50    -0.50     0.00    -0.00     0.00    -0.00     0.00    -0.00     0.00    -0.00    10.89   -10.89     0.00
      200      270        7       11   0.1728      2.9      1.7      3.4     0.93      2.1     1.00     0.52    -0.63     0.65    -0.41    -0.64     0.87     0.12    -0.07    -0.01     0.01     0.50    -0.50     0.00    -0.00     0.00    -0.00     0.00    -0.00     0.00    -0.00    -1.19     1.19     0.00
      200      270       11       18   0.0844      4.1      3.3      5.2     0.97      1.7     1.00     1.99    -1.99    -0.18     0.19    -0.67     0.63     0.18    -0.21    -0.01     0.01     0.50    -0.50     0.00    -0.00     0.00    -0.00     0.00    -0.00     0.00    -0.00     2.43    -2.43     0.00
      200      270       18       30   0.0221      6.6      5.2      8.4     0.97      1.3     1.00     3.27    -3.00    -0.34     0.41    -0.64     0.53     0.10    -0.20    -0.00     0.00     0.50    -0.50     0.00    -0.00     0.00    -0.00     0.00    -0.00     0.00    -0.00     4.05    -4.05     0.00
      200      270       30       50   0.0027     15.2      6.3     16.4     0.96      1.2     1.00     5.29    -4.44    -0.72     0.55    -0.02     0.10     0.16    -0.21     0.00    -0.00     0.50    -0.50     0.00    -0.00     0.00    -0.00     0.00    -0.00     0.00    -0.00     3.86    -3.86     0.00
      270      400        7       11   0.1895      3.0      1.4      3.3     0.93      1.5     1.00     0.43    -0.52     0.64    -0.64    -1.00     0.74     0.07    -0.11    -0.01     0.01     0.50    -0.50     0.00    -0.00     0.00    -0.00     0.00    -0.00     0.00    -0.00     0.58    -0.58     0.00
      270      400       11       18   0.1009      4.0      3.0      5.0     0.97      1.1     1.00     1.87    -1.75     0.06    -0.06    -0.73     0.86     0.16    -0.11    -0.02     0.02     0.50    -0.50     0.00    -0.00     0.00    -0.00     0.00    -0.00     0.00    -0.00     2.18    -2.18     0.00
      270      400       18       30   0.0254      6.8      3.6      7.7     0.97      0.9     1.00     2.99    -3.20    -0.20     0.24    -0.99     0.62     0.33    -0.68    -0.02     0.02     0.50    -0.50     0.00    -0.00     0.00    -0.00     0.00    -0.00     0.00    -0.00     1.43    -1.43     0.00
      270      400       30       50   0.0032     15.1      6.3     16.4     0.95      0.5     1.00     4.90    -5.20    -0.38     0.14     0.82    -0.32     0.27     0.03    -0.04     0.04     0.50    -0.50     0.00    -0.00     0.00    -0.00     0.00    -0.00     0.00    -0.00    -3.75     3.75     0.00
      400      700        7       11   0.2229      3.2      1.6      3.6     0.93      1.2     1.00     0.67    -0.82     0.49    -0.48    -1.09     1.19     0.01    -0.02    -0.02     0.02     0.50    -0.50     0.00    -0.00     0.00    -0.00     0.00    -0.00     0.00    -0.00     0.52    -0.52     0.00
      400      700       11       18   0.1228      4.1      1.7      4.4     0.97      1.0     1.00     1.44    -1.39     0.22    -0.22    -0.61     0.66     0.08    -0.11    -0.04     0.04     0.50    -0.50     0.00    -0.00     0.00    -0.00     0.00    -0.00     0.00    -0.00     0.30    -0.30     0.00
      400      700       18       30   0.0363      6.1      4.1      7.4     0.97      0.5     1.00     3.27    -3.04    -0.02    -0.15    -0.79     0.77     0.13    -0.10    -0.07     0.07     0.50    -0.50     0.00    -0.00     0.00    -0.00     0.00    -0.00     0.00    -0.00     2.48    -2.48     0.00
      400      700       30       50   0.0039     16.5     11.2     19.9     0.96      0.4     1.00     5.13    -4.95    -0.32     0.10    -0.03    -0.16     0.29    -0.36    -0.16     0.16     0.50    -0.50     0.00    -0.00     0.00    -0.00     0.00    -0.00     0.00    -0.00    -9.94     9.94     0.00
      700     5000        7       11   0.2412      3.4      1.2      3.6     0.92      0.9     1.00     0.54    -0.65     0.40    -0.36    -0.61     0.64    -0.02     0.03    -0.06     0.06     0.50    -0.50     0.00    -0.00     0.00    -0.00     0.00    -0.00     0.00    -0.00     0.47    -0.47     0.00
      700     5000       11       18   0.1586      3.9      1.7      4.2     0.97      0.5     1.00     1.13    -1.00     0.05    -0.07    -0.62     0.76    -0.15     0.13    -0.01     0.01     0.50    -0.50     0.00    -0.00     0.00    -0.00     0.00    -0.00     0.00    -0.00    -0.92     0.92     0.00
      700     5000       18       30   0.0596      4.8      2.6      5.5     0.97      0.4     1.00     2.24    -2.26     0.06    -0.06    -0.67     0.72     0.09    -0.08    -0.06     0.06     0.50    -0.50     0.00    -0.00     0.00    -0.00     0.00    -0.00     0.00    -0.00     1.03    -1.03     0.00
      700     5000       30       50   0.0114      8.5      4.3      9.5     0.96      0.3     1.00     4.27    -4.04     0.01     0.04    -0.48     0.46     0.30    -0.30    -0.13     0.13     0.50    -0.50     0.00    -0.00     0.00    -0.00     0.00    -0.00     0.00    -0.00     0.85    -0.85     0.00
     5000    15000        7       11   0.3043     14.5      5.9     15.7     0.91      0.6     1.00     0.20    -0.34     0.30    -0.49    -1.12    -1.03    -0.02     0.28     0.00    -0.00     0.50    -0.50     0.00    -0.00     0.00    -0.00     0.00    -0.00     0.00    -0.00    -5.77     5.77     0.00
     5000    15000       11       18   0.2039     16.3      2.9     16.6     0.96      0.6     1.00     1.00    -0.61     0.08     0.04    -0.32     1.79    -0.07     0.55    -0.06     0.06     0.50    -0.50     0.00    -0.00     0.00    -0.00     0.00    -0.00     0.00    -0.00    -2.48     2.48     0.00
     5000    15000       18       30   0.0784     21.5     15.7     26.6     0.99      1.1     1.00     1.66    -1.42     0.23    -0.34    -0.73     0.57    -0.23     0.28    -0.09     0.09     0.50    -0.50     0.00    -0.00     0.00    -0.00     0.00    -0.00     0.00    -0.00   -15.64    15.64     0.00
     5000    15000       30       50   0.0361     19.5     22.4     29.7     0.98      0.8     1.00     2.38    -2.31     0.03     0.04    -0.24    -0.37     0.31    -0.24    -0.15     0.15     0.50    -0.50     0.00    -0.00     0.00    -0.00     0.00    -0.00     0.00    -0.00   -22.27    22.27     0.00
      150      200        7       11   0.0542      3.6      1.8      4.0     0.94      2.0     1.00    -0.25     0.06     0.59    -0.55    -0.47     0.26     0.07    -0.16    -0.00     0.00     0.60    -0.60     0.00    -0.00     0.00    -0.00     0.00    -0.00     0.00    -0.00     1.51    -1.51     0.00
      150      200       11       18   0.0313      5.8      3.1      6.6     0.97      1.4     1.00     1.42    -1.50    -0.44     0.41    -0.14     0.28     0.23    -0.07     0.01    -0.01     0.60    -0.60     0.00    -0.00     0.00    -0.00     0.00    -0.00     0.00    -0.00     2.65    -2.65     0.00
      150      200       18       30   0.0083      6.6      5.0      8.3     0.96      1.0     1.00     3.68    -3.52    -0.44     0.68    -0.37     0.24     0.34    -0.42    -0.00     0.00     0.60    -0.60     0.00    -0.00     0.00    -0.00     0.00    -0.00     0.00    -0.00     3.35    -3.35     0.00
      150      200       30       50   0.0010     16.4      8.7     18.6     0.96      1.2     1.00     5.03    -4.49    -0.61     0.79    -0.59    -0.38     0.34    -0.59    -0.00     0.00     0.60    -0.60     0.00    -0.00     0.00    -0.00     0.00    -0.00     0.00    -0.00     7.21    -7.21     0.00
      200      270        7       11   0.0571      4.0      1.8      4.4     0.94      1.7     1.00    -0.29     0.38     0.81    -0.63    -0.42     0.56     0.10    -0.01    -0.01     0.01     0.60    -0.60     0.00    -0.00     0.00    -0.00     0.00    -0.00     0.00    -0.00     1.39    -1.39     0.00
      200      270       11       18   0.0392      5.5      2.6      6.1     0.98      1.6     1.00     1.56    -1.99    -0.19     0.15    -0.70     0.68     0.15    -0.14    -0.01     0.01     0.60    -0.60     0.00    -0.00     0.00    -0.00     0.00    -0.00     0.00    -0.00     1.58    -1.58     0.00
      200      270       18       30   0.0093      7.4      4.4      8.6     0.97      1.0     1.00     3.30    -2.98    -0.49     0.36    -0.17     0.11     0.20    -0.27    -0.00     0.00     0.60    -0.60     0.00    -0.00     0.00    -0.00     0.00    -0.00     0.00    -0.00     3.04    -3.04     0.00
      200      270       30       50   0.0012     18.1     12.5     22.0     0.95      1.9     1.00     5.83    -3.90    -0.79     0.48    -0.06     0.05     0.09    -0.34     0.00    -0.00     0.60    -0.60     0.00    -0.00     0.00    -0.00     0.00    -0.00     0.00    -0.00    11.49   -11.49     0.00
      270      400        7       11   0.0666      3.9      1.4      4.1     0.93      1.2     1.00    -0.52     0.49     0.76    -0.72    -0.50     0.56     0.09    -0.13    -0.01     0.01     0.60    -0.60     0.00    -0.00     0.00    -0.00     0.00    -0.00     0.00    -0.00     0.65    -0.65     0.00
      270      400       11       18   0.0411      6.1      3.4      7.0     0.98      0.9     1.00     1.73    -1.70    -0.02     0.07    -0.58     0.53     0.09    -0.09    -0.02     0.02     0.60    -0.60     0.00    -0.00     0.00    -0.00     0.00    -0.00     0.00    -0.00     2.85    -2.85     0.00
      270      400       18       30   0.0138      5.9      3.1      6.7     0.97      0.8     1.00     2.86    -3.10    -0.30     0.30    -0.44     0.11     0.24    -0.42    -0.03     0.03     0.60    -0.60     0.00    -0.00     0.00    -0.00     0.00    -0.00     0.00    -0.00     0.48    -0.48     0.00
      270      400       30       50   0.0013     20.5      9.5     22.6     0.96      0.4     1.00     4.40    -5.89    -0.36     0.06    -0.24    -0.58     0.12    -0.55    -0.06     0.06     0.60    -0.60     0.00    -0.00     0.00    -0.00     0.00    -0.00     0.00    -0.00    -7.96     7.96     0.00
      400      700        7       11   0.0761      4.1      1.3      4.3     0.92      1.1     1.00    -0.45     0.64     0.67    -0.57    -0.25     0.32     0.06    -0.01    -0.01     0.01     0.60    -0.60     0.00    -0.00     0.00    -0.00     0.00    -0.00     0.00    -0.00    -0.73     0.73     0.00
      400      700       11       18   0.0495      6.3      3.0      7.0     0.97      0.9     1.00     1.28    -1.61     0.09    -0.20    -0.49     0.53     0.09    -0.12    -0.03     0.03     0.60    -0.60     0.00    -0.00     0.00    -0.00     0.00    -0.00     0.00    -0.00     2.49    -2.49     0.00
      400      700       18       30   0.0167      6.2      3.1      6.9     0.98      0.5     1.00     2.66    -2.73    -0.09     0.15    -0.29     0.34     0.13    -0.05    -0.09     0.09     0.60    -0.60     0.00    -0.00     0.00    -0.00     0.00    -0.00     0.00    -0.00     1.33    -1.33     0.00
      400      700       30       50   0.0017     20.4      6.6     21.5     0.96      0.3     1.00     4.90    -5.22    -0.20     0.17    -0.31     0.27     0.24    -0.33    -0.16     0.16     0.60    -0.60     0.00    -0.00     0.00    -0.00     0.00    -0.00     0.00    -0.00    -4.22     4.22     0.00
      700     5000        7       11   0.0827      4.4      1.8      4.7     0.92      0.6     1.00    -0.91     0.97     0.54    -0.46     0.61    -0.48     0.10    -0.06     0.02    -0.02     0.60    -0.60     0.00    -0.00     0.00    -0.00     0.00    -0.00     0.00    -0.00    -1.16     1.16     0.00
      700     5000       11       18   0.0737      5.1      1.6      5.3     0.96      0.3     1.00     0.96    -0.98     0.09    -0.07    -0.47     0.44     0.01     0.03    -0.01     0.01     0.60    -0.60     0.00    -0.00     0.00    -0.00     0.00    -0.00     0.00    -0.00     0.97    -0.97     0.00
      700     5000       18       30   0.0266      5.4      3.9      6.7     0.98      0.4     1.00     2.05    -2.05     0.08    -0.04    -0.40     0.47     0.11    -0.12    -0.07     0.07     0.60    -0.60     0.00    -0.00     0.00    -0.00     0.00    -0.00     0.00    -0.00     3.27    -3.27     0.00
      700     5000       30       50   0.0053     10.3      4.3     11.2     0.96      0.7     1.00     4.23    -4.02    -0.04     0.22    -0.53     0.21     0.35    -0.37    -0.11     0.11     0.60    -0.60     0.00    -0.00     0.00    -0.00     0.00    -0.00     0.00    -0.00     0.95    -0.95     0.00
     5000    15000        7       11   0.0853     22.9      5.1     23.5     0.89      0.2     1.00    -0.89     1.33     0.05    -0.48     0.54    -0.85     0.17     0.37     0.25    -0.25     0.60    -0.60     0.00    -0.00     0.00    -0.00     0.00    -0.00     0.00    -0.00    -4.90     4.90     0.00
     5000    15000       11       18   0.0988     20.0      7.2     21.2     0.95      0.5     1.00     2.25    -0.09     0.18    -0.09    -0.66     2.95    -0.07     1.46    -0.08     0.08     0.60    -0.60     0.00    -0.00     0.00    -0.00     0.00    -0.00     0.00    -0.00     6.76    -6.76     0.00
     5000    15000       18       30   0.0408     19.2      7.0     20.4     0.97      0.8     1.00     0.83    -2.08     0.15    -0.43    -0.47    -0.56    -0.95    -0.04    -0.04     0.04     0.60    -0.60     0.00    -0.00     0.00    -0.00     0.00    -0.00     0.00    -0.00    -6.79     6.79     0.00
     5000    15000       30       50   0.0172     26.7      9.8     28.5     0.98      1.0     1.00     2.53    -1.19    -0.03     0.21     1.16     0.18     1.31    -0.57    -0.07     0.07     0.60    -0.60     0.00    -0.00     0.00    -0.00     0.00    -0.00     0.00    -0.00    -9.57     9.57     0.00
      150      200        7       11   0.0112      8.9      3.8      9.7     0.79      5.3     1.00    -1.26     1.56     2.83    -2.56    -0.23     0.30     0.32    -0.13    -0.04     0.04     0.90    -0.90     0.00    -0.00     0.00    -0.00     0.00    -0.00     0.00    -0.00     2.10    -2.10     0.00
      150      200       11       18   0.0061      8.6      3.1      9.2     0.85      4.3     1.00     2.62    -2.93     0.33    -0.45     0.22     0.06     0.03    -0.22    -0.03     0.03     0.90    -0.90     0.00    -0.00     0.00    -0.00     0.00    -0.00     0.00    -0.00     1.06    -1.06     0.00
      150      200       18       30   0.0010     18.0      7.3     19.4     0.89      3.6     1.00     4.05    -4.41    -0.30     0.59    -0.95     0.02     0.79    -0.61    -0.03     0.03     0.90    -0.90     0.00    -0.00     0.00    -0.00     0.00    -0.00     0.00    -0.00     5.76    -5.76     0.00
      200      270        7       11   0.0103     11.1      4.6     12.0     0.78      5.0     1.00    -1.86     1.45     2.72    -3.26    -0.22     0.30     0.02    -0.09    -0.03     0.03     0.90    -0.90     0.00    -0.00     0.00    -0.00     0.00    -0.00     0.00    -0.00    -2.94     2.94     0.00
      200      270       11       18   0.0065      9.2      4.5     10.2     0.84      4.4     1.00     2.51    -2.58     0.78    -0.80    -0.33     0.12     0.27    -0.34    -0.02     0.02     0.90    -0.90     0.00    -0.00     0.00    -0.00     0.00    -0.00     0.00    -0.00     3.47    -3.47     0.00
      200      270       18       30   0.0014     17.5      4.9     18.2     0.89      2.7     1.00     4.42    -4.08     0.15    -0.04     1.08    -0.34    -0.21     0.02    -0.00     0.00     0.90    -0.90     0.00    -0.00     0.00    -0.00     0.00    -0.00     0.00    -0.00    -2.18     2.18     0.00
      270      400        7       11   0.0126     10.5      4.7     11.5     0.78      4.6     1.00    -1.65     1.65     3.18    -3.21    -0.17     0.52     0.11    -0.15    -0.05     0.05     0.90    -0.90     0.00    -0.00     0.00    -0.00     0.00    -0.00     0.00    -0.00    -2.94     2.94     0.00
      270      400       11       18   0.0096      8.0      5.5      9.7     0.85      3.7     1.00     1.99    -2.27     0.90    -1.06    -0.74     0.51     0.36    -0.24    -0.07     0.07     0.90    -0.90     0.00    -0.00     0.00    -0.00     0.00    -0.00     0.00    -0.00     4.80    -4.80     0.00
      270      400       18       30   0.0018     16.8      7.0     18.2     0.87      2.3     1.00     5.39    -4.96     0.35    -0.18    -0.99     0.12     0.42    -1.00    -0.09     0.09     0.90    -0.90     0.00    -0.00     0.00    -0.00     0.00    -0.00     0.00    -0.00    -4.50     4.50     0.00
      400      700        7       11   0.0140     11.1      8.2     13.8     0.77      4.1     1.00    -1.47     1.38     3.07    -2.76    -0.36     0.23     0.09    -0.18    -0.07     0.07     0.90    -0.90     0.00    -0.00     0.00    -0.00     0.00    -0.00     0.00    -0.00    -7.52     7.52     0.00
      400      700       11       18   0.0129      7.4      5.8      9.4     0.85      3.6     1.00     1.79    -1.80     0.99    -1.09    -0.80     0.81     0.16    -0.14    -0.14     0.14     0.90    -0.90     0.00    -0.00     0.00    -0.00     0.00    -0.00     0.00    -0.00     5.31    -5.31     0.00
      400      700       18       30   0.0031     13.8      6.2     15.1     0.87      2.3     1.00     5.44    -5.40     0.63    -0.19    -0.25     0.45     0.29    -0.13    -0.26     0.26     0.90    -0.90     0.00    -0.00     0.00    -0.00     0.00    -0.00     0.00    -0.00     2.79    -2.79     0.00
      700     5000        7       11   0.0180      9.8      7.5     12.4     0.77      3.5     1.00    -2.12     2.07     1.91    -1.98     1.16    -0.96     0.15    -0.06     0.29    -0.29     0.90    -0.90     0.00    -0.00     0.00    -0.00     0.00    -0.00     0.00    -0.00    -6.83     6.83     0.00
      700     5000       11       18   0.0162      7.4      4.0      8.4     0.83      2.9     1.00     1.00    -1.13     0.93    -0.81    -0.37     0.64     0.03    -0.11     0.11    -0.11     0.90    -0.90     0.00    -0.00     0.00    -0.00     0.00    -0.00     0.00    -0.00     3.56    -3.56     0.00
      700     5000       18       30   0.0037     14.5     12.6     19.2     0.86      2.2     1.00     4.32    -4.11     0.38    -0.59    -1.13     0.74     0.47    -0.43    -0.06     0.06     0.90    -0.90     0.00    -0.00     0.00    -0.00     0.00    -0.00     0.00    -0.00    11.75   -11.75     0.00
     5000    15000        7       11   0.0206     39.7      3.2     39.8     0.73      0.0     1.00     0.72     0.22     1.94    -1.66    -0.45    -0.80    -1.61    -0.62     0.82    -0.82     0.90    -0.90     0.00    -0.00     0.00    -0.00     0.00    -0.00     0.00    -0.00     1.89    -1.89     0.00
     5000    15000       11       18   0.0141     37.8      2.4     37.9     0.82      0.8     1.00    -0.52     0.54     1.09    -0.86     0.90     0.08     0.14     0.50     0.26    -0.26     0.90    -0.90     0.00    -0.00     0.00    -0.00     0.00    -0.00     0.00    -0.00     1.88    -1.88     0.00
     5000    15000       18       30   0.0091     37.3     11.7     39.1     0.84      0.5     1.00     2.15    -2.08     1.14    -1.31     0.80    -0.88     1.35    -0.83     0.25    -0.25     0.90    -0.90     0.00    -0.00     0.00    -0.00     0.00    -0.00     0.00    -0.00    11.29   -11.29     0.00
