   2   6   11  AllJetsQ2Pt
   Q2_min   Q2_max   Pt_min   Pt_max   CS[pb] stat.(%)  sys.(%)  tot.(%)      had  had.err       EW  JES(up)  JES(dn) EHFS(up) EHFS(dn)   Ee(up)   Ee(dn)  ThE(up)  ThE(dn)  IDe(up)  IDe(dn) LArN(up) LArN(dn) Trig(up) Trig(dn) Lumi(up) Lumi(dn) TrCl(up) TrCl(dn) Bkgd(up) Bkgd(dn)  Mod(up)  Mod(dn)  UnCorrSys
      150      200        7       11  70.5817      2.7      2.9      4.0     0.93      2.2     1.00     0.94    -1.13     0.94    -1.03    -0.45     0.28    -0.38     0.33     0.49    -0.49     0.50    -0.50     1.20    -1.20     2.50    -2.50     1.00    -1.00     0.00    -0.00     1.05    -1.05     0.00
      150      200       11       18  30.9722      4.1      4.4      6.0     0.97      1.7     1.00     2.37    -2.54     0.56    -0.53    -0.68     0.46    -0.28     0.22     0.49    -0.49     0.50    -0.50     1.20    -1.20     2.50    -2.50     1.00    -1.00     0.00    -0.00     2.82    -2.82     0.00
      150      200       18       30   8.0735      6.4      5.3      8.3     0.96      1.1     1.00     3.36    -3.38     0.31    -0.11    -0.40     0.47    -0.14     0.10     0.49    -0.49     0.50    -0.50     1.20    -1.20     2.50    -2.50     1.00    -1.00     0.00    -0.00     3.47    -3.47     0.00
      150      200       30       50   0.9184     15.3     12.9     20.0     0.95      0.7     1.00     4.87    -5.28     0.16    -0.12    -0.12    -0.55    -0.25    -0.06     0.49    -0.49     0.50    -0.50     1.20    -1.20     2.50    -2.50     1.00    -1.00     0.00    -0.00    11.68   -11.68     0.00
      200      270        7       11  54.7909      3.0      2.9      4.1     0.93      2.1     1.00     0.93    -1.03     1.22    -1.01    -0.60     0.87    -0.35     0.42     0.48    -0.48     0.50    -0.50     1.20    -1.20     2.50    -2.50     1.00    -1.00     0.00    -0.00    -0.62     0.62     0.00
      200      270       11       18  26.7588      4.1      4.8      6.3     0.97      1.7     1.00     2.40    -2.40     0.39    -0.41    -0.63     0.64    -0.30     0.28     0.48    -0.48     0.50    -0.50     1.20    -1.20     2.50    -2.50     1.00    -1.00     0.00    -0.00     3.38    -3.38     0.00
      200      270       18       30   7.0050      6.6      6.4      9.2     0.97      1.3     1.00     3.68    -3.41     0.23    -0.18    -0.60     0.53    -0.37     0.30     0.49    -0.49     0.50    -0.50     1.20    -1.20     2.50    -2.50     1.00    -1.00     0.00    -0.00     4.81    -4.81     0.00
      200      270       30       50   0.8518     15.2      7.4     16.9     0.96      1.2     1.00     5.70    -4.85    -0.16    -0.05     0.02     0.11    -0.31     0.29     0.49    -0.49     0.50    -0.50     1.20    -1.20     2.50    -2.50     1.00    -1.00     0.00    -0.00     4.64    -4.64     0.00
      270      400        7       11  52.1671      3.0      3.2      4.4     0.93      1.5     1.00     0.91    -1.01     1.01    -1.02    -1.00     0.72    -0.30     0.27     0.46    -0.46     0.50    -0.50     1.20    -1.20     2.50    -2.50     1.00    -1.00     0.00    -0.00     1.53    -1.53     0.00
      270      400       11       18  27.7701      4.0      4.5      6.0     0.97      1.1     1.00     2.35    -2.24     0.42    -0.44    -0.73     0.85    -0.21     0.27     0.45    -0.45     0.50    -0.50     1.20    -1.20     2.50    -2.50     1.00    -1.00     0.00    -0.00     3.09    -3.09     0.00
      270      400       18       30   6.9901      6.8      4.7      8.3     0.97      0.9     1.00     3.47    -3.69     0.17    -0.14    -0.99     0.61    -0.04    -0.30     0.45    -0.45     0.50    -0.50     1.20    -1.20     2.50    -2.50     1.00    -1.00     0.00    -0.00     1.88    -1.88     0.00
      270      400       30       50   0.8688     15.1      6.7     16.5     0.95      0.5     1.00     5.38    -5.69    -0.02    -0.24     0.81    -0.34    -0.10     0.41     0.43    -0.43     0.50    -0.50     1.20    -1.20     2.50    -2.50     1.00    -1.00     0.00    -0.00    -3.01     3.01     0.00
      400      700        7       11  48.7892      3.2      3.3      4.6     0.93      1.2     1.00     1.24    -1.41     0.71    -0.70    -1.13     1.23    -0.20     0.21     0.38    -0.38     0.50    -0.50     1.20    -1.20     2.50    -2.50     1.00    -1.00     0.00    -0.00     1.53    -1.53     0.00
      400      700       11       18  26.8789      4.1      3.3      5.3     0.97      1.0     1.00     2.02    -1.98     0.45    -0.44    -0.66     0.70    -0.13     0.11     0.37    -0.37     0.50    -0.50     1.20    -1.20     2.50    -2.50     1.00    -1.00     0.00    -0.00     1.18    -1.18     0.00
      400      700       18       30   7.9485      6.1      5.6      8.3     0.97      0.5     1.00     3.85    -3.63     0.21    -0.38    -0.84     0.81    -0.08     0.12     0.33    -0.33     0.50    -0.50     1.20    -1.20     2.50    -2.50     1.00    -1.00     0.00    -0.00     3.52    -3.52     0.00
      400      700       30       50   0.8574     16.5     10.8     19.7     0.96      0.4     1.00     5.71    -5.53    -0.09    -0.12    -0.07    -0.12     0.08    -0.14     0.24    -0.24     0.50    -0.50     1.20    -1.20     2.50    -2.50     1.00    -1.00     0.00    -0.00    -8.95     8.95     0.00
      700     5000        7       11  43.3435      3.5      3.5      5.0     0.92      0.9     1.02     1.04    -1.16     0.47    -0.42    -0.45     0.48    -0.50     0.48     1.09    -1.09     0.50    -0.50     1.20    -1.20     2.50    -2.50     1.00    -1.00     0.00    -0.00     2.17    -2.17     0.00
      700     5000       11       18  28.5001      4.0      3.3      5.2     0.97      0.5     1.02     1.62    -1.51     0.12    -0.13    -0.46     0.61    -0.62     0.58     1.14    -1.14     0.50    -0.50     1.20    -1.20     2.50    -2.50     1.00    -1.00     0.00    -0.00     1.38    -1.38     0.00
      700     5000       18       30  10.7061      4.9      4.6      6.7     0.97      0.4     1.03     2.74    -2.77     0.14    -0.12    -0.51     0.56    -0.38     0.38     1.09    -1.09     0.50    -0.50     1.20    -1.20     2.50    -2.50     1.00    -1.00     0.00    -0.00     2.75    -2.75     0.00
      700     5000       30       50   2.0424      8.5      5.7     10.2     0.96      0.3     1.02     4.77    -4.55     0.08    -0.02    -0.32     0.30    -0.18     0.16     1.02    -1.02     0.50    -0.50     1.20    -1.20     2.50    -2.50     1.00    -1.00     0.00    -0.00     2.11    -2.11     0.00
     5000    15000        7       11   2.6036     14.7      4.4     15.4     0.91      0.6     1.11     0.76    -0.89     0.32    -0.50    -0.60    -1.60    -0.32     0.59     1.90    -1.90     0.50    -0.50     1.20    -1.20     2.50    -2.50     1.00    -1.00     0.00    -0.00    -3.03     3.03     0.00
     5000    15000       11       18   1.7443     16.4      3.5     16.8     0.96      0.6     1.11     1.56    -1.16     0.11     0.03     0.20     1.22    -0.37     0.86     1.83    -1.83     0.50    -0.50     1.20    -1.20     2.50    -2.50     1.00    -1.00     0.00    -0.00     1.11    -1.11     0.00
     5000    15000       18       30   0.6711     21.6     13.4     25.4     0.99      1.1     1.11     2.22    -1.96     0.25    -0.35    -0.21    -0.00    -0.53     0.59     1.81    -1.81     0.50    -0.50     1.20    -1.20     2.50    -2.50     1.00    -1.00     0.00    -0.00   -12.88    12.88     0.00
     5000    15000       30       50   0.3087     19.7     20.0     28.0     0.98      0.8     1.11     2.94    -2.85     0.05     0.03     0.29    -0.94     0.01     0.07     1.75    -1.75     0.50    -0.50     1.20    -1.20     2.50    -2.50     1.00    -1.00     0.00    -0.00   -19.54    19.54     0.00
      150      200        7       11  23.4426      3.6      3.4      4.9     0.94      2.0     1.00     0.10    -0.31     1.26    -1.27    -0.48     0.22    -0.42     0.32     0.49    -0.49     0.60    -0.60     1.20    -1.20     2.50    -2.50     1.00    -1.00     0.00    -0.00     2.12    -2.12     0.00
      150      200       11       18  13.5527      5.8      4.5      7.4     0.97      1.4     1.00     1.77    -1.87     0.23    -0.31    -0.15     0.25    -0.25     0.40     0.50    -0.50     0.60    -0.60     1.20    -1.20     2.50    -2.50     1.00    -1.00     0.00    -0.00     3.48    -3.48     0.00
      150      200       18       30   3.5748      6.7      6.1      9.1     0.96      1.0     1.00     4.03    -3.89     0.23    -0.04    -0.38     0.21    -0.15     0.06     0.49    -0.49     0.60    -0.60     1.20    -1.20     2.50    -2.50     1.00    -1.00     0.00    -0.00     4.04    -4.04     0.00
      150      200       30       50   0.4197     16.4      9.6     19.0     0.96      1.2     1.00     5.38    -4.86     0.06     0.07    -0.60    -0.42    -0.15    -0.12     0.49    -0.49     0.60    -0.60     1.20    -1.20     2.50    -2.50     1.00    -1.00     0.00    -0.00     7.81    -7.81     0.00
      200      270        7       11  18.1026      4.1      3.3      5.3     0.94      1.7     1.00     0.12    -0.03     1.38    -1.23    -0.38     0.57    -0.37     0.48     0.47    -0.47     0.60    -0.60     1.20    -1.20     2.50    -2.50     1.00    -1.00     0.00    -0.00     1.96    -1.96     0.00
      200      270       11       18  12.4284      5.6      3.9      6.8     0.98      1.6     1.00     1.97    -2.39     0.38    -0.44    -0.65     0.69    -0.32     0.35     0.48    -0.48     0.60    -0.60     1.20    -1.20     2.50    -2.50     1.00    -1.00     0.00    -0.00     2.15    -2.15     0.00
      200      270       18       30   2.9463      7.4      5.8      9.4     0.97      1.0     1.00     3.71    -3.38     0.08    -0.23    -0.12     0.12    -0.28     0.22     0.48    -0.48     0.60    -0.60     1.20    -1.20     2.50    -2.50     1.00    -1.00     0.00    -0.00     3.97    -3.97     0.00
      200      270       30       50   0.3824     18.1     13.7     22.7     0.95      1.9     1.00     6.24    -4.30    -0.22    -0.11    -0.02     0.06    -0.38     0.15     0.49    -0.49     0.60    -0.60     1.20    -1.20     2.50    -2.50     1.00    -1.00     0.00    -0.00    12.43   -12.43     0.00
      270      400        7       11  18.3413      3.9      2.8      4.8     0.93      1.2     1.00    -0.04    -0.00     1.13    -1.10    -0.51     0.54    -0.28     0.25     0.45    -0.45     0.60    -0.60     1.20    -1.20     2.50    -2.50     1.00    -1.00     0.00    -0.00     1.05    -1.05     0.00
      270      400       11       18  11.3217      6.1      4.9      7.8     0.98      0.9     1.00     2.20    -2.19     0.35    -0.31    -0.58     0.51    -0.28     0.29     0.45    -0.45     0.60    -0.60     1.20    -1.20     2.50    -2.50     1.00    -1.00     0.00    -0.00     3.72    -3.72     0.00
      270      400       18       30   3.7969      6.0      4.3      7.4     0.97      0.8     1.00     3.33    -3.59     0.06    -0.08    -0.44     0.09    -0.13    -0.05     0.43    -0.43     0.60    -0.60     1.20    -1.20     2.50    -2.50     1.00    -1.00     0.00    -0.00     1.22    -1.22     0.00
      270      400       30       50   0.3442     20.5      9.3     22.5     0.96      0.4     1.00     4.87    -6.38     0.01    -0.32    -0.24    -0.60    -0.25    -0.18     0.41    -0.41     0.60    -0.60     1.20    -1.20     2.50    -2.50     1.00    -1.00     0.00    -0.00    -7.01     7.01     0.00
      400      700        7       11  16.6655      4.1      2.5      4.8     0.92      1.1     1.00     0.12     0.05     0.90    -0.79    -0.29     0.36    -0.15     0.22     0.39    -0.39     0.60    -0.60     1.20    -1.20     2.50    -2.50     1.00    -1.00     0.00    -0.00     0.74    -0.74     0.00
      400      700       11       18  10.8409      6.3      4.7      7.8     0.97      0.9     1.00     1.85    -2.19     0.31    -0.42    -0.53     0.57    -0.12     0.10     0.37    -0.37     0.60    -0.60     1.20    -1.20     2.50    -2.50     1.00    -1.00     0.00    -0.00     3.52    -3.52     0.00
      400      700       18       30   3.6462      6.2      4.5      7.7     0.98      0.5     1.00     3.23    -3.32     0.13    -0.08    -0.33     0.38    -0.08     0.18     0.32    -0.32     0.60    -0.60     1.20    -1.20     2.50    -2.50     1.00    -1.00     0.00    -0.00     2.21    -2.21     0.00
      400      700       30       50   0.3793     20.4      7.1     21.6     0.96      0.3     1.00     5.48    -5.80     0.03    -0.05    -0.35     0.31     0.03    -0.11     0.25    -0.25     0.60    -0.60     1.20    -1.20     2.50    -2.50     1.00    -1.00     0.00    -0.00    -3.68     3.68     0.00
      700     5000        7       11  14.8576      4.4      2.9      5.3     0.92      0.6     1.02    -0.41     0.46     0.62    -0.52     0.77    -0.64    -0.38     0.39     1.17    -1.17     0.60    -0.60     1.20    -1.20     2.50    -2.50     1.00    -1.00     0.00    -0.00     1.04    -1.04     0.00
      700     5000       11       18  13.2436      5.1      3.6      6.2     0.96      0.3     1.02     1.46    -1.49     0.16    -0.13    -0.31     0.28    -0.47     0.48     1.14    -1.14     0.60    -0.60     1.20    -1.20     2.50    -2.50     1.00    -1.00     0.00    -0.00     2.06    -2.06     0.00
      700     5000       18       30   4.7710      5.4      6.1      8.2     0.98      0.4     1.03     2.55    -2.56     0.15    -0.10    -0.24     0.31    -0.36     0.34     1.08    -1.08     0.60    -0.60     1.20    -1.20     2.50    -2.50     1.00    -1.00     0.00    -0.00     4.99    -4.99     0.00
      700     5000       30       50   0.9571     10.3      5.6     11.7     0.96      0.7     1.01     4.72    -4.53     0.03     0.16    -0.37     0.05    -0.12     0.09     1.04    -1.04     0.60    -0.60     1.20    -1.20     2.50    -2.50     1.00    -1.00     0.00    -0.00     2.03    -2.03     0.00
     5000    15000        7       11   0.7295     23.0      4.0     23.3     0.89      0.2     1.11    -0.33     0.78     0.08    -0.50     1.07    -1.42    -0.13     0.67     2.14    -2.14     0.60    -0.60     1.20    -1.20     2.50    -2.50     1.00    -1.00     0.00    -0.00    -2.16     2.16     0.00
     5000    15000       11       18   0.8453     20.1     10.2     22.5     0.95      0.5     1.11     2.81    -0.63     0.20    -0.10    -0.14     2.38    -0.37     1.77     1.82    -1.82     0.60    -0.60     1.20    -1.20     2.50    -2.50     1.00    -1.00     0.00    -0.00     9.49    -9.49     0.00
     5000    15000       18       30   0.3487     19.3      6.0     20.2     0.97      0.8     1.11     1.39    -2.63     0.18    -0.44     0.05    -1.13    -1.25     0.27     1.85    -1.85     0.60    -0.60     1.20    -1.20     2.50    -2.50     1.00    -1.00     0.00    -0.00    -4.82     4.82     0.00
     5000    15000       30       50   0.1469     26.9      8.5     28.2     0.98      1.0     1.11     3.09    -1.73    -0.01     0.20     1.68    -0.39     1.01    -0.26     1.83    -1.83     0.60    -0.60     1.20    -1.20     2.50    -2.50     1.00    -1.00     0.00    -0.00    -7.54     7.54     0.00
      150      200        7       11   4.8601      8.9      5.1     10.3     0.79      5.3     1.00    -0.91     1.19     3.50    -3.28    -0.24     0.26    -0.17     0.35     0.46    -0.46     0.90    -0.90     1.20    -1.20     2.50    -2.50     1.00    -1.00     0.00    -0.00     2.86    -2.86     0.00
      150      200       11       18   2.6536      8.6      4.5      9.7     0.85      4.3     1.00     2.98    -3.30     1.00    -1.17     0.21     0.03    -0.45     0.26     0.46    -0.46     0.90    -0.90     1.20    -1.20     2.50    -2.50     1.00    -1.00     0.00    -0.00     1.83    -1.83     0.00
      150      200       18       30   0.4365     18.0      8.4     19.9     0.89      3.6     1.00     4.40    -4.78     0.37    -0.13    -0.96    -0.02     0.30    -0.13     0.46    -0.46     0.90    -0.90     1.20    -1.20     2.50    -2.50     1.00    -1.00     0.00    -0.00     6.65    -6.65     0.00
      200      270        7       11   3.2776     11.1      4.9     12.1     0.78      5.0     1.00    -1.46     1.04     3.28    -3.85    -0.17     0.30    -0.45     0.41     0.46    -0.46     0.90    -0.90     1.20    -1.20     2.50    -2.50     1.00    -1.00     0.00    -0.00    -2.01     2.01     0.00
      200      270       11       18   2.0566      9.2      5.7     10.8     0.84      4.4     1.00     2.91    -2.98     1.35    -1.39    -0.29     0.12    -0.20     0.15     0.47    -0.47     0.90    -0.90     1.20    -1.20     2.50    -2.50     1.00    -1.00     0.00    -0.00     4.04    -4.04     0.00
      200      270       18       30   0.4284     17.5      5.5     18.3     0.89      2.7     1.00     4.82    -4.48     0.72    -0.64     1.12    -0.33    -0.68     0.51     0.48    -0.48     0.90    -0.90     1.20    -1.20     2.50    -2.50     1.00    -1.00     0.00    -0.00    -1.24     1.24     0.00
      270      400        7       11   3.4557     10.5      5.1     11.7     0.78      4.6     1.00    -1.18     1.16     3.55    -3.59    -0.17     0.50    -0.25     0.23     0.42    -0.42     0.90    -0.90     1.20    -1.20     2.50    -2.50     1.00    -1.00     0.00    -0.00    -2.47     2.47     0.00
      270      400       11       18   2.6463      8.0      6.5     10.3     0.85      3.7     1.00     2.47    -2.76     1.26    -1.44    -0.74     0.49    -0.01     0.14     0.40    -0.40     0.90    -0.90     1.20    -1.20     2.50    -2.50     1.00    -1.00     0.00    -0.00     5.27    -5.27     0.00
      270      400       18       30   0.5073     16.8      7.2     18.3     0.87      2.3     1.00     5.86    -5.45     0.71    -0.56    -1.00     0.10     0.05    -0.62     0.37    -0.37     0.90    -0.90     1.20    -1.20     2.50    -2.50     1.00    -1.00     0.00    -0.00    -3.79     3.79     0.00
      400      700        7       11   3.0629     11.2      7.6     13.5     0.77      4.1     1.00    -0.89     0.79     3.29    -2.98    -0.40     0.27    -0.13     0.04     0.33    -0.33     0.90    -0.90     1.20    -1.20     2.50    -2.50     1.00    -1.00     0.00    -0.00    -6.48     6.48     0.00
      400      700       11       18   2.8321      7.4      7.3     10.4     0.85      3.6     1.00     2.36    -2.38     1.22    -1.31    -0.84     0.85    -0.05     0.09     0.26    -0.26     0.90    -0.90     1.20    -1.20     2.50    -2.50     1.00    -1.00     0.00    -0.00     6.37    -6.37     0.00
      400      700       18       30   0.6856     13.8      7.5     15.7     0.87      2.3     1.00     6.02    -5.98     0.86    -0.41    -0.29     0.49     0.08     0.09     0.14    -0.14     0.90    -0.90     1.20    -1.20     2.50    -2.50     1.00    -1.00     0.00    -0.00     3.84    -3.84     0.00
      700     5000        7       11   3.2303      9.8      7.1     12.1     0.77      3.5     1.03    -1.62     1.57     1.98    -2.05     1.32    -1.12    -0.32     0.39     1.44    -1.44     0.90    -0.90     1.20    -1.20     2.50    -2.50     1.00    -1.00     0.00    -0.00    -5.93     5.93     0.00
      700     5000       11       18   2.9053      7.4      6.2      9.7     0.83      2.9     1.03     1.50    -1.64     1.00    -0.87    -0.21     0.48    -0.45     0.34     1.26    -1.26     0.90    -0.90     1.20    -1.20     2.50    -2.50     1.00    -1.00     0.00    -0.00     5.29    -5.29     0.00
      700     5000       18       30   0.6608     14.5     14.5     20.5     0.86      2.2     1.03     4.82    -4.62     0.46    -0.65    -0.97     0.58    -0.00     0.02     1.09    -1.09     0.90    -0.90     1.20    -1.20     2.50    -2.50     1.00    -1.00     0.00    -0.00    13.46   -13.46     0.00
     5000    15000        7       11   0.1765     39.8      5.8     40.2     0.73      0.0     1.11     1.28    -0.32     1.96    -1.67     0.07    -1.37    -1.91    -0.31     2.72    -2.72     0.90    -0.90     1.20    -1.20     2.50    -2.50     1.00    -1.00     0.00    -0.00     3.88    -3.88     0.00
     5000    15000       11       18   0.1210     37.9      5.5     38.3     0.82      0.8     1.12     0.04     0.00     1.11    -0.87     1.43    -0.49    -0.16     0.81     2.16    -2.16     0.90    -0.90     1.20    -1.20     2.50    -2.50     1.00    -1.00     0.00    -0.00     4.23    -4.23     0.00
     5000    15000       18       30   0.0775     37.4     14.4     40.1     0.84      0.5     1.12     2.70    -2.62     1.16    -1.32     1.33    -1.45     1.05    -0.52     2.15    -2.15     0.90    -0.90     1.20    -1.20     2.50    -2.50     1.00    -1.00     0.00    -0.00    13.66   -13.66     0.00
