   2   6   4  NormIncJetsQ2Pt
   Q2_min   Q2_max   Pt_min   Pt_max       CS stat.(%)  sys.(%)  tot.(%)      had  had.err       EW  JES(up)  JES(dn) EHFS(up) EHFS(dn)   Ee(up)   Ee(dn)  ThE(up)  ThE(dn)  IDe(up)  IDe(dn) LArN(up) LArN(dn) Trig(up) Trig(dn) Lumi(up) Lumi(dn) TrCl(up) TrCl(dn) Bkgd(up) Bkgd(dn)  Mod(up)  Mod(dn)  UnCorrSys
      150      200        7       11   0.1632      2.7      1.1      2.9     0.93      2.2     1.00     0.58    -0.76     0.27    -0.31    -0.44     0.31     0.11    -0.14     0.00    -0.00     0.50    -0.50     0.00    -0.00     0.00    -0.00     0.00    -0.00     0.00    -0.00    -0.58     0.58     0.00
      150      200       11       18   0.0716      4.1      3.0      5.1     0.97      1.7     1.00     2.02    -2.17    -0.11     0.19    -0.67     0.50     0.21    -0.26    -0.00     0.00     0.50    -0.50     0.00    -0.00     0.00    -0.00     0.00    -0.00     0.00    -0.00     2.04    -2.04     0.00
      150      200       18       30   0.0187      6.4      4.2      7.7     0.96      1.1     1.00     3.01    -3.01    -0.35     0.61    -0.38     0.51     0.35    -0.38     0.00    -0.00     0.50    -0.50     0.00    -0.00     0.00    -0.00     0.00    -0.00     0.00    -0.00     2.86    -2.86     0.00
      150      200       30       50   0.0021     15.3     11.9     19.4     0.95      0.7     1.00     4.52    -4.91    -0.51     0.60    -0.11    -0.51     0.24    -0.54    -0.00     0.00     0.50    -0.50     0.00    -0.00     0.00    -0.00     0.00    -0.00     0.00    -0.00    10.89   -10.89     0.00
      200      270        7       11   0.1728      2.9      1.7      3.4     0.93      2.1     1.00     0.52    -0.63     0.65    -0.41    -0.64     0.87     0.12    -0.07    -0.01     0.01     0.50    -0.50     0.00    -0.00     0.00    -0.00     0.00    -0.00     0.00    -0.00    -1.19     1.19     0.00
      200      270       11       18   0.0844      4.1      3.3      5.2     0.97      1.7     1.00     1.99    -1.99    -0.18     0.19    -0.67     0.63     0.18    -0.21    -0.01     0.01     0.50    -0.50     0.00    -0.00     0.00    -0.00     0.00    -0.00     0.00    -0.00     2.43    -2.43     0.00
      200      270       18       30   0.0221      6.6      5.2      8.4     0.97      1.3     1.00     3.27    -3.00    -0.34     0.41    -0.64     0.53     0.10    -0.20    -0.00     0.00     0.50    -0.50     0.00    -0.00     0.00    -0.00     0.00    -0.00     0.00    -0.00     4.05    -4.05     0.00
      200      270       30       50   0.0027     15.2      6.3     16.4     0.96      1.2     1.00     5.29    -4.44    -0.72     0.55    -0.02     0.10     0.16    -0.21     0.00    -0.00     0.50    -0.50     0.00    -0.00     0.00    -0.00     0.00    -0.00     0.00    -0.00     3.86    -3.86     0.00
      270      400        7       11   0.1895      3.0      1.4      3.3     0.93      1.5     1.00     0.43    -0.52     0.64    -0.64    -1.00     0.74     0.07    -0.11    -0.01     0.01     0.50    -0.50     0.00    -0.00     0.00    -0.00     0.00    -0.00     0.00    -0.00     0.58    -0.58     0.00
      270      400       11       18   0.1009      4.0      3.0      5.0     0.97      1.1     1.00     1.87    -1.75     0.06    -0.06    -0.73     0.86     0.16    -0.11    -0.02     0.02     0.50    -0.50     0.00    -0.00     0.00    -0.00     0.00    -0.00     0.00    -0.00     2.18    -2.18     0.00
      270      400       18       30   0.0254      6.8      3.6      7.7     0.97      0.9     1.00     2.99    -3.20    -0.20     0.24    -0.99     0.62     0.33    -0.68    -0.02     0.02     0.50    -0.50     0.00    -0.00     0.00    -0.00     0.00    -0.00     0.00    -0.00     1.43    -1.43     0.00
      270      400       30       50   0.0032     15.1      6.3     16.4     0.95      0.5     1.00     4.90    -5.20    -0.38     0.14     0.82    -0.32     0.27     0.03    -0.04     0.04     0.50    -0.50     0.00    -0.00     0.00    -0.00     0.00    -0.00     0.00    -0.00    -3.75     3.75     0.00
      400      700        7       11   0.2229      3.2      1.6      3.6     0.93      1.2     1.00     0.67    -0.82     0.49    -0.48    -1.09     1.19     0.01    -0.02    -0.02     0.02     0.50    -0.50     0.00    -0.00     0.00    -0.00     0.00    -0.00     0.00    -0.00     0.52    -0.52     0.00
      400      700       11       18   0.1228      4.1      1.7      4.4     0.97      1.0     1.00     1.44    -1.39     0.22    -0.22    -0.61     0.66     0.08    -0.11    -0.04     0.04     0.50    -0.50     0.00    -0.00     0.00    -0.00     0.00    -0.00     0.00    -0.00     0.30    -0.30     0.00
      400      700       18       30   0.0363      6.1      4.1      7.4     0.97      0.5     1.00     3.27    -3.04    -0.02    -0.15    -0.79     0.77     0.13    -0.10    -0.07     0.07     0.50    -0.50     0.00    -0.00     0.00    -0.00     0.00    -0.00     0.00    -0.00     2.48    -2.48     0.00
      400      700       30       50   0.0039     16.5     11.2     19.9     0.96      0.4     1.00     5.13    -4.95    -0.32     0.10    -0.03    -0.16     0.29    -0.36    -0.16     0.16     0.50    -0.50     0.00    -0.00     0.00    -0.00     0.00    -0.00     0.00    -0.00    -9.94     9.94     0.00
      700     5000        7       11   0.2412      3.4      1.2      3.6     0.92      0.9     1.00     0.54    -0.65     0.40    -0.36    -0.61     0.64    -0.02     0.03    -0.06     0.06     0.50    -0.50     0.00    -0.00     0.00    -0.00     0.00    -0.00     0.00    -0.00     0.47    -0.47     0.00
      700     5000       11       18   0.1586      3.9      1.7      4.2     0.97      0.5     1.00     1.13    -1.00     0.05    -0.07    -0.62     0.76    -0.15     0.13    -0.01     0.01     0.50    -0.50     0.00    -0.00     0.00    -0.00     0.00    -0.00     0.00    -0.00    -0.92     0.92     0.00
      700     5000       18       30   0.0596      4.8      2.6      5.5     0.97      0.4     1.00     2.24    -2.26     0.06    -0.06    -0.67     0.72     0.09    -0.08    -0.06     0.06     0.50    -0.50     0.00    -0.00     0.00    -0.00     0.00    -0.00     0.00    -0.00     1.03    -1.03     0.00
      700     5000       30       50   0.0114      8.5      4.3      9.5     0.96      0.3     1.00     4.27    -4.04     0.01     0.04    -0.48     0.46     0.30    -0.30    -0.13     0.13     0.50    -0.50     0.00    -0.00     0.00    -0.00     0.00    -0.00     0.00    -0.00     0.85    -0.85     0.00
     5000    15000        7       11   0.3043     14.5      5.9     15.7     0.91      0.6     1.00     0.20    -0.34     0.30    -0.49    -1.12    -1.03    -0.02     0.28     0.00    -0.00     0.50    -0.50     0.00    -0.00     0.00    -0.00     0.00    -0.00     0.00    -0.00    -5.77     5.77     0.00
     5000    15000       11       18   0.2039     16.3      2.9     16.6     0.96      0.6     1.00     1.00    -0.61     0.08     0.04    -0.32     1.79    -0.07     0.55    -0.06     0.06     0.50    -0.50     0.00    -0.00     0.00    -0.00     0.00    -0.00     0.00    -0.00    -2.48     2.48     0.00
     5000    15000       18       30   0.0784     21.5     15.7     26.6     0.99      1.1     1.00     1.66    -1.42     0.23    -0.34    -0.73     0.57    -0.23     0.28    -0.09     0.09     0.50    -0.50     0.00    -0.00     0.00    -0.00     0.00    -0.00     0.00    -0.00   -15.64    15.64     0.00
     5000    15000       30       50   0.0361     19.5     22.4     29.7     0.98      0.8     1.00     2.38    -2.31     0.03     0.04    -0.24    -0.37     0.31    -0.24    -0.15     0.15     0.50    -0.50     0.00    -0.00     0.00    -0.00     0.00    -0.00     0.00    -0.00   -22.27    22.27     0.00
