pt_mi        ymin  ymax  NP_Pythia     NP_Herwig++   NP_Powheg     Powheg_stat   TOT_NP        TOT_NP_stat   PS            PS_stat       NPxPS         NPxPS_stat
123.500000   0     0.5   1.098000e+00  1.136000e+00  1.058373e+00  3.068526e-03  1.097187e+00  3.881335e-02  1.063753e+00  5.318766e-01  1.167136e+00  5.850267e-01
143.000000   0     0.5   1.084000e+00  1.113000e+00  1.045788e+00  2.853158e-03  1.079394e+00  3.360593e-02  1.050091e+00  5.250456e-01  1.133462e+00  5.678287e-01
163.500000   0     0.5   1.072000e+00  1.095000e+00  1.036784e+00  2.775465e-03  1.065892e+00  2.910829e-02  1.039968e+00  5.199839e-01  1.108493e+00  5.550726e-01
185.000000   0     0.5   1.063000e+00  1.081000e+00  1.030149e+00  2.769859e-03  1.055575e+00  2.542531e-02  1.032251e+00  5.161256e-01  1.089618e+00  5.454409e-01
208.000000   0     0.5   1.055000e+00  1.070000e+00  1.025047e+00  2.802630e-03  1.047523e+00  2.247679e-02  1.026114e+00  5.130572e-01  1.074879e+00  5.379339e-01
232.500000   0     0.5   1.049000e+00  1.061000e+00  1.021073e+00  2.855563e-03  1.041036e+00  1.996362e-02  1.021174e+00  5.105868e-01  1.063079e+00  5.319302e-01
258.500000   0     0.5   1.043000e+00  1.053000e+00  1.017941e+00  2.917804e-03  1.035471e+00  1.752925e-02  1.017150e+00  5.085751e-01  1.053229e+00  5.269164e-01
286.000000   0     0.5   1.039000e+00  1.046000e+00  1.015448e+00  2.982953e-03  1.030724e+00  1.527619e-02  1.013839e+00  5.069197e-01  1.044988e+00  5.227237e-01
315.000000   0     0.5   1.035000e+00  1.041000e+00  1.013442e+00  3.047314e-03  1.027221e+00  1.377916e-02  1.011088e+00  5.055441e-01  1.038611e+00  5.194923e-01
346.000000   0     0.5   1.031000e+00  1.036000e+00  1.011790e+00  3.109799e-03  1.023895e+00  1.210523e-02  1.008748e+00  5.043740e-01  1.032852e+00  5.165703e-01
378.500000   0     0.5   1.028000e+00  1.033000e+00  1.010443e+00  3.168193e-03  1.021721e+00  1.127863e-02  1.006778e+00  5.033889e-01  1.028646e+00  5.144485e-01
412.500000   0     0.5   1.026000e+00  1.029000e+00  1.009335e+00  3.222077e-03  1.019167e+00  9.832621e-03  1.005105e+00  5.025525e-01  1.024370e+00  5.122805e-01
449.000000   0     0.5   1.023000e+00  1.026000e+00  1.008394e+00  3.272698e-03  1.017197e+00  8.803129e-03  1.003638e+00  5.018189e-01  1.020897e+00  5.105251e-01
487.500000   0     0.5   1.021000e+00  1.024000e+00  1.007604e+00  3.319147e-03  1.015802e+00  8.198142e-03  1.002367e+00  5.011833e-01  1.018206e+00  5.091692e-01
527.500000   0     0.5   1.019000e+00  1.021000e+00  1.006945e+00  3.361042e-03  1.013973e+00  7.027268e-03  1.001273e+00  5.006366e-01  1.015264e+00  5.076806e-01
570.000000   0     0.5   1.018000e+00  1.019000e+00  1.006381e+00  3.399634e-03  1.012690e+00  6.309748e-03  1.000305e+00  5.001526e-01  1.012999e+00  5.065390e-01
615.000000   0     0.5   1.016000e+00  1.018000e+00  1.005896e+00  3.434988e-03  1.011948e+00  6.052017e-03  9.994479e-01  4.997240e-01  1.011389e+00  5.057309e-01
662.000000   0     0.5   1.015000e+00  1.016000e+00  1.005484e+00  3.466928e-03  1.010742e+00  5.258322e-03  9.986950e-01  4.993475e-01  1.009423e+00  5.047386e-01
711.500000   0     0.5   1.014000e+00  1.015000e+00  1.005128e+00  3.496042e-03  1.010064e+00  4.936218e-03  9.980246e-01  4.990123e-01  1.008069e+00  5.040584e-01
763.500000   0     0.5   1.013000e+00  1.013000e+00  1.004820e+00  3.522518e-03  1.008910e+00  4.090071e-03  9.974269e-01  4.987135e-01  1.006314e+00  5.031735e-01
818.000000   0     0.5   1.012000e+00  1.012000e+00  1.004553e+00  3.546560e-03  1.008277e+00  3.723264e-03  9.968930e-01  4.984465e-01  1.005144e+00  5.025857e-01
875.500000   0     0.5   1.011000e+00  1.011000e+00  1.004320e+00  3.568549e-03  1.007660e+00  3.339887e-03  9.964111e-01  4.982055e-01  1.004044e+00  5.020329e-01
936.000000   0     0.5   1.010000e+00  1.010000e+00  1.004116e+00  3.588613e-03  1.007058e+00  2.941847e-03  9.959760e-01  4.979880e-01  1.003006e+00  5.015115e-01
999.500000   0     0.5   1.009000e+00  1.009000e+00  1.003938e+00  3.606890e-03  1.006469e+00  2.531171e-03  9.955831e-01  4.977915e-01  1.002023e+00  5.010180e-01
1066.500000  0     0.5   1.009000e+00  1.009000e+00  1.003780e+00  3.623636e-03  1.006390e+00  2.609968e-03  9.952253e-01  4.976126e-01  1.001585e+00  5.007991e-01
1136.500000  0     0.5   1.008000e+00  1.008000e+00  1.003642e+00  3.638844e-03  1.005821e+00  2.179146e-03  9.949018e-01  4.974509e-01  1.000693e+00  5.003512e-01
1210.000000  0     0.5   1.007000e+00  1.008000e+00  1.003520e+00  3.652740e-03  1.005760e+00  2.240181e-03  9.946069e-01  4.973035e-01  1.000336e+00  5.001728e-01
1287.500000  0     0.5   1.007000e+00  1.007000e+00  1.003411e+00  3.665498e-03  1.005206e+00  1.794457e-03  9.943365e-01  4.971683e-01  9.995126e-01  4.997595e-01
1368.500000  0     0.5   1.006000e+00  1.007000e+00  1.003315e+00  3.677119e-03  1.005157e+00  1.842499e-03  9.940903e-01  4.970451e-01  9.992173e-01  4.996120e-01
1453.500000  0     0.5   1.006000e+00  1.006000e+00  1.003230e+00  3.687759e-03  1.004615e+00  1.385093e-03  9.938644e-01  4.969322e-01  9.984510e-01  4.992274e-01
1542.500000  0     0.5   1.005000e+00  1.006000e+00  1.003154e+00  3.697487e-03  1.004577e+00  1.423001e-03  9.936572e-01  4.968286e-01  9.982052e-01  4.991046e-01
1686.000000  0     0.5   1.005000e+00  1.005000e+00  1.003054e+00  3.710735e-03  1.004027e+00  9.728670e-04  9.933738e-01  4.966869e-01  9.973742e-01  4.986880e-01
1950.000000  0     0.5   1.004000e+00  1.004000e+00  1.002921e+00  3.729359e-03  1.003460e+00  5.396605e-04  9.929708e-01  4.964854e-01  9.964067e-01  4.982037e-01
123.500000   0.5   1     1.096000e+00  1.134000e+00  1.066860e+00  4.673828e-03  1.100430e+00  3.357017e-02  1.038613e+00  5.193067e-01  1.142921e+00  5.725232e-01
143.000000   0.5   1     1.082000e+00  1.110000e+00  1.052522e+00  4.449929e-03  1.081261e+00  2.873886e-02  1.029680e+00  5.148401e-01  1.113353e+00  5.574625e-01
163.500000   0.5   1     1.071000e+00  1.093000e+00  1.042068e+00  4.314822e-03  1.067534e+00  2.546585e-02  1.022704e+00  5.113521e-01  1.091772e+00  5.465068e-01
185.000000   0.5   1     1.062000e+00  1.079000e+00  1.034232e+00  4.232896e-03  1.056616e+00  2.238417e-02  1.017127e+00  5.085633e-01  1.074712e+00  5.378381e-01
208.000000   0.5   1     1.054000e+00  1.068000e+00  1.028106e+00  4.182989e-03  1.048053e+00  1.994693e-02  1.012490e+00  5.062451e-01  1.061144e+00  5.309560e-01
232.500000   0.5   1     1.048000e+00  1.059000e+00  1.023262e+00  4.154131e-03  1.041131e+00  1.786900e-02  1.008599e+00  5.042993e-01  1.050083e+00  5.253509e-01
258.500000   0.5   1     1.042000e+00  1.051000e+00  1.019390e+00  4.139126e-03  1.035195e+00  1.580524e-02  1.005302e+00  5.026512e-01  1.040684e+00  5.205845e-01
286.000000   0.5   1     1.038000e+00  1.045000e+00  1.016263e+00  4.133212e-03  1.030631e+00  1.436865e-02  1.002487e+00  5.012436e-01  1.033195e+00  5.167981e-01
315.000000   0.5   1     1.034000e+00  1.040000e+00  1.013714e+00  4.133218e-03  1.026857e+00  1.314282e-02  1.000064e+00  5.000320e-01  1.026923e+00  5.136296e-01
346.000000   0.5   1     1.031000e+00  1.035000e+00  1.011589e+00  4.137099e-03  1.023294e+00  1.170552e-02  9.979321e-01  4.989661e-01  1.021178e+00  5.107228e-01
378.500000   0.5   1     1.028000e+00  1.031000e+00  1.009835e+00  4.143385e-03  1.020417e+00  1.058257e-02  9.960782e-01  4.980391e-01  1.016416e+00  5.083171e-01
412.500000   0.5   1     1.025000e+00  1.028000e+00  1.008376e+00  4.151072e-03  1.018188e+00  9.811997e-03  9.944553e-01  4.972277e-01  1.012542e+00  5.063652e-01
449.000000   0.5   1     1.023000e+00  1.025000e+00  1.007122e+00  4.159727e-03  1.016061e+00  8.939028e-03  9.929890e-01  4.964945e-01  1.008937e+00  5.045468e-01
487.500000   0.5   1     1.021000e+00  1.023000e+00  1.006058e+00  4.168772e-03  1.014529e+00  8.471012e-03  9.916814e-01  4.958407e-01  1.006090e+00  5.031149e-01
527.500000   0.5   1     1.019000e+00  1.020000e+00  1.005162e+00  4.177771e-03  1.012581e+00  7.418871e-03  9.905252e-01  4.952626e-01  1.002987e+00  5.015474e-01
570.000000   0.5   1     1.017000e+00  1.019000e+00  1.004386e+00  4.186732e-03  1.011693e+00  7.307172e-03  9.894741e-01  4.947371e-01  1.001044e+00  5.005742e-01
615.000000   0.5   1     1.016000e+00  1.017000e+00  1.003713e+00  4.195489e-03  1.010356e+00  6.643772e-03  9.885186e-01  4.942593e-01  9.987559e-01  4.994211e-01
662.000000   0.5   1     1.015000e+00  1.015000e+00  1.003134e+00  4.203844e-03  1.009067e+00  5.932927e-03  9.876579e-01  4.938290e-01  9.966131e-01  4.983410e-01
711.500000   0.5   1     1.014000e+00  1.014000e+00  1.002630e+00  4.211824e-03  1.008315e+00  5.684972e-03  9.868728e-01  4.934364e-01  9.950787e-01  4.975710e-01
763.500000   0.5   1     1.013000e+00  1.013000e+00  1.002191e+00  4.219384e-03  1.007595e+00  5.404711e-03  9.861559e-01  4.930780e-01  9.936461e-01  4.968516e-01
818.000000   0.5   1     1.012000e+00  1.012000e+00  1.001806e+00  4.226504e-03  1.006903e+00  5.096793e-03  9.855005e-01  4.927502e-01  9.923036e-01  4.961772e-01
875.500000   0.5   1     1.011000e+00  1.011000e+00  1.001467e+00  4.233233e-03  1.006234e+00  4.766345e-03  9.848954e-01  4.924477e-01  9.910349e-01  4.955397e-01
936.000000   0.5   1     1.010000e+00  1.010000e+00  1.001168e+00  4.239559e-03  1.005584e+00  4.415989e-03  9.843370e-01  4.921685e-01  9.898335e-01  4.949358e-01
999.500000   0.5   1     1.009000e+00  1.009000e+00  1.000904e+00  4.245480e-03  1.004952e+00  4.048109e-03  9.838215e-01  4.919107e-01  9.886932e-01  4.943626e-01
1066.500000  0.5   1     1.008000e+00  1.009000e+00  1.000668e+00  4.251045e-03  1.004834e+00  4.165769e-03  9.833420e-01  4.916710e-01  9.880956e-01  4.940648e-01
1136.500000  0.5   1     1.008000e+00  1.008000e+00  1.000461e+00  4.256219e-03  1.004230e+00  3.769755e-03  9.828994e-01  4.914497e-01  9.870573e-01  4.935426e-01
1210.000000  0.5   1     1.007000e+00  1.008000e+00  1.000275e+00  4.261050e-03  1.004138e+00  3.862381e-03  9.824876e-01  4.912438e-01  9.865528e-01  4.932910e-01
1287.500000  0.5   1     1.007000e+00  1.007000e+00  1.000109e+00  4.265579e-03  1.003555e+00  3.445387e-03  9.821024e-01  4.910512e-01  9.855934e-01  4.928083e-01
1368.500000  0.5   1     1.006000e+00  1.007000e+00  9.999614e-01  4.269785e-03  1.003481e+00  3.519297e-03  9.817444e-01  4.908722e-01  9.851615e-01  4.925929e-01
1597.000000  0.5   1     1.005000e+00  1.006000e+00  9.996461e-01  4.279391e-03  1.002823e+00  3.176928e-03  9.809216e-01  4.904608e-01  9.836909e-01  4.918553e-01
123.500000   1     1.5   1.090000e+00  1.132000e+00  1.052372e+00  6.205449e-03  1.092186e+00  3.981376e-02  1.027976e+00  5.139881e-01  1.122741e+00  5.628607e-01
143.000000   1     1.5   1.077000e+00  1.109000e+00  1.040661e+00  5.773581e-03  1.074831e+00  3.416920e-02  1.020245e+00  5.101223e-01  1.096590e+00  5.494022e-01
163.500000   1     1.5   1.066000e+00  1.091000e+00  1.032310e+00  5.516576e-03  1.061655e+00  2.934515e-02  1.013440e+00  5.067199e-01  1.075923e+00  5.387830e-01
185.000000   1     1.5   1.058000e+00  1.078000e+00  1.026175e+00  5.362148e-03  1.052087e+00  2.591252e-02  1.007374e+00  5.036869e-01  1.059845e+00  5.305652e-01
208.000000   1     1.5   1.050000e+00  1.067000e+00  1.021470e+00  5.268322e-03  1.044235e+00  2.276516e-02  1.001797e+00  5.008985e-01  1.046111e+00  5.235527e-01
232.500000   1     1.5   1.044000e+00  1.057000e+00  1.017815e+00  5.213597e-03  1.037408e+00  1.959240e-02  9.966506e-01  4.983253e-01  1.033933e+00  5.173351e-01
258.500000   1     1.5   1.039000e+00  1.050000e+00  1.014943e+00  5.184156e-03  1.032472e+00  1.752830e-02  9.918838e-01  4.959419e-01  1.024092e+00  5.123410e-01
286.000000   1     1.5   1.035000e+00  1.044000e+00  1.012662e+00  5.171035e-03  1.028331e+00  1.566923e-02  9.874536e-01  4.937268e-01  1.015429e+00  5.079502e-01
315.000000   1     1.5   1.031000e+00  1.039000e+00  1.010831e+00  5.168371e-03  1.024915e+00  1.408458e-02  9.833229e-01  4.916615e-01  1.007823e+00  5.041017e-01
346.000000   1     1.5   1.028000e+00  1.034000e+00  1.009326e+00  5.172404e-03  1.021663e+00  1.233685e-02  9.794003e-01  4.897002e-01  1.000617e+00  5.004545e-01
378.500000   1     1.5   1.025000e+00  1.030000e+00  1.008103e+00  5.180568e-03  1.019051e+00  1.094866e-02  9.757304e-01  4.878652e-01  9.943194e-01  4.972745e-01
412.500000   1     1.5   1.023000e+00  1.027000e+00  1.007098e+00  5.191102e-03  1.017049e+00  9.950876e-03  9.722868e-01  4.861434e-01  9.888634e-01  4.945264e-01
449.000000   1     1.5   1.021000e+00  1.024000e+00  1.006247e+00  5.203191e-03  1.015123e+00  8.876681e-03  9.689600e-01  4.844800e-01  9.836139e-01  4.918822e-01
487.500000   1     1.5   1.019000e+00  1.022000e+00  1.005534e+00  5.215901e-03  1.013767e+00  8.233190e-03  9.657941e-01  4.828970e-01  9.790900e-01  4.896095e-01
527.500000   1     1.5   1.017000e+00  1.020000e+00  1.004941e+00  5.228547e-03  1.012470e+00  7.529736e-03  9.628150e-01  4.814075e-01  9.748216e-01  4.874647e-01
570.000000   1     1.5   1.016000e+00  1.018000e+00  1.004433e+00  5.241097e-03  1.011216e+00  6.783605e-03  9.599394e-01  4.799697e-01  9.707065e-01  4.853969e-01
615.000000   1     1.5   1.015000e+00  1.016000e+00  1.003998e+00  5.253295e-03  1.009999e+00  6.000996e-03  9.571679e-01  4.785840e-01  9.667387e-01  4.834035e-01
662.000000   1     1.5   1.013000e+00  1.015000e+00  1.003628e+00  5.264857e-03  1.009314e+00  5.685806e-03  9.545262e-01  4.772631e-01  9.634169e-01  4.817390e-01
711.500000   1     1.5   1.012000e+00  1.013000e+00  1.003310e+00  5.275820e-03  1.008155e+00  4.844904e-03  9.519809e-01  4.759905e-01  9.597445e-01  4.798944e-01
763.500000   1     1.5   1.011000e+00  1.012000e+00  1.003036e+00  5.286127e-03  1.007518e+00  4.482150e-03  9.495296e-01  4.747648e-01  9.566680e-01  4.783530e-01
818.000000   1     1.5   1.011000e+00  1.011000e+00  1.002798e+00  5.295754e-03  1.006899e+00  4.100919e-03  9.471695e-01  4.735848e-01  9.537042e-01  4.768679e-01
875.500000   1     1.5   1.010000e+00  1.010000e+00  1.002591e+00  5.304778e-03  1.006296e+00  3.704429e-03  9.448782e-01  4.724391e-01  9.508267e-01  4.754262e-01
936.000000   1     1.5   1.009000e+00  1.009000e+00  1.002410e+00  5.313189e-03  1.005705e+00  3.294945e-03  9.426563e-01  4.713282e-01  9.480342e-01  4.740273e-01
999.500000   1     1.5   1.008000e+00  1.009000e+00  1.002252e+00  5.320997e-03  1.005626e+00  3.374100e-03  9.405041e-01  4.702521e-01  9.457952e-01  4.729083e-01
1066.500000  1     1.5   1.008000e+00  1.008000e+00  1.002112e+00  5.328270e-03  1.005056e+00  2.943873e-03  9.384056e-01  4.692028e-01  9.431503e-01  4.715832e-01
1136.500000  1     1.5   1.007000e+00  1.007000e+00  1.001990e+00  5.334974e-03  1.004495e+00  2.504826e-03  9.363766e-01  4.681883e-01  9.405857e-01  4.702987e-01
1428.000000  1     1.5   1.005000e+00  1.006000e+00  1.001649e+00  5.355764e-03  1.003824e+00  2.175570e-03  9.293026e-01  4.646513e-01  9.328567e-01  4.664327e-01
123.500000   1.5   2     1.082000e+00  1.128000e+00  1.058377e+00  7.898545e-03  1.093188e+00  3.481174e-02  1.012938e+00  5.064689e-01  1.107332e+00  5.547876e-01
143.000000   1.5   2     1.070000e+00  1.106000e+00  1.045894e+00  7.988498e-03  1.075947e+00  3.005314e-02  1.001809e+00  5.009043e-01  1.077893e+00  5.397866e-01
163.500000   1.5   2     1.060000e+00  1.089000e+00  1.036775e+00  8.121050e-03  1.062887e+00  2.611279e-02  9.918413e-01  4.959206e-01  1.054215e+00  5.277436e-01
185.000000   1.5   2     1.052000e+00  1.076000e+00  1.029926e+00  8.266629e-03  1.052963e+00  2.303696e-02  9.828153e-01  4.914077e-01  1.034868e+00  5.179292e-01
208.000000   1.5   2     1.045000e+00  1.065000e+00  1.024564e+00  8.414260e-03  1.044782e+00  2.021801e-02  9.743962e-01  4.871981e-01  1.018032e+00  5.093969e-01
232.500000   1.5   2     1.040000e+00  1.056000e+00  1.020317e+00  8.556485e-03  1.038158e+00  1.784158e-02  9.665202e-01  4.832601e-01  1.003401e+00  5.019968e-01
258.500000   1.5   2     1.035000e+00  1.049000e+00  1.016916e+00  8.689609e-03  1.032958e+00  1.604199e-02  9.591317e-01  4.795658e-01  9.907427e-01  4.956103e-01
286.000000   1.5   2     1.031000e+00  1.043000e+00  1.014166e+00  8.812091e-03  1.028583e+00  1.441693e-02  9.521819e-01  4.760910e-01  9.793982e-01  4.898915e-01
315.000000   1.5   2     1.028000e+00  1.038000e+00  1.011921e+00  8.923608e-03  1.024961e+00  1.303923e-02  9.456283e-01  4.728141e-01  9.692319e-01  4.847728e-01
346.000000   1.5   2     1.025000e+00  1.034000e+00  1.010047e+00  9.026029e-03  1.022023e+00  1.197672e-02  9.393371e-01  4.696686e-01  9.600245e-01  4.801441e-01
378.500000   1.5   2     1.022000e+00  1.030000e+00  1.008497e+00  9.118063e-03  1.019248e+00  1.075149e-02  9.333904e-01  4.666952e-01  9.513568e-01  4.757842e-01
412.500000   1.5   2     1.020000e+00  1.027000e+00  1.007206e+00  9.200628e-03  1.017103e+00  9.896755e-03  9.277557e-01  4.638779e-01  9.436233e-01  4.719010e-01
449.000000   1.5   2     1.018000e+00  1.024000e+00  1.006096e+00  9.276593e-03  1.015048e+00  8.952141e-03  9.222608e-01  4.611304e-01  9.361389e-01  4.681423e-01
487.500000   1.5   2     1.016000e+00  1.022000e+00  1.005152e+00  9.345219e-03  1.013576e+00  8.423924e-03  9.169840e-01  4.584920e-01  9.294330e-01  4.647807e-01
527.500000   1.5   2     1.015000e+00  1.019000e+00  1.004356e+00  9.406413e-03  1.011678e+00  7.321835e-03  9.119754e-01  4.559877e-01  9.226257e-01  4.613611e-01
570.000000   1.5   2     1.014000e+00  1.018000e+00  1.003666e+00  9.462311e-03  1.010833e+00  7.167101e-03  9.071002e-01  4.535501e-01  9.169267e-01  4.585094e-01
615.000000   1.5   2     1.012000e+00  1.016000e+00  1.003066e+00  9.513212e-03  1.009533e+00  6.466866e-03  9.023632e-01  4.511816e-01  9.109656e-01  4.555202e-01
662.000000   1.5   2     1.011000e+00  1.015000e+00  1.002551e+00  9.559007e-03  1.008775e+00  6.224751e-03  8.978127e-01  4.489063e-01  9.056912e-01  4.528801e-01
711.500000   1.5   2     1.010000e+00  1.013000e+00  1.002101e+00  9.600639e-03  1.007550e+00  5.449533e-03  8.933948e-01  4.466974e-01  9.001403e-01  4.500965e-01
763.500000   1.5   2     1.010000e+00  1.012000e+00  1.001708e+00  9.638446e-03  1.006854e+00  5.146027e-03  8.891087e-01  4.445544e-01  8.952026e-01  4.476247e-01
818.000000   1.5   2     1.009000e+00  1.011000e+00  1.001364e+00  9.672763e-03  1.006182e+00  4.817843e-03  8.849526e-01  4.424763e-01  8.904235e-01  4.452322e-01
875.500000   1.5   2     1.008000e+00  1.010000e+00  1.001060e+00  9.704163e-03  1.005530e+00  4.469752e-03  8.808894e-01  4.404447e-01  8.857610e-01  4.428980e-01
936.000000   1.5   2     1.008000e+00  1.009000e+00  1.000792e+00  9.732846e-03  1.004896e+00  4.104018e-03  8.769229e-01  4.384615e-01  8.812162e-01  4.406228e-01
1107.500000  1.5   2     1.006000e+00  1.007000e+00  1.000230e+00  9.796230e-03  1.003615e+00  3.385067e-03  8.670647e-01  4.335323e-01  8.701990e-01  4.351094e-01
123.500000   2     2.5   1.072000e+00  1.114000e+00  1.054929e+00  7.811848e-03  1.084464e+00  2.953565e-02  9.862843e-01  4.931421e-01  1.069590e+00  5.355878e-01
143.000000   2     2.5   1.060000e+00  1.094000e+00  1.043476e+00  7.111936e-03  1.068738e+00  2.526212e-02  9.702283e-01  4.851142e-01  1.036920e+00  5.190389e-01
163.500000   2     2.5   1.051000e+00  1.079000e+00  1.035104e+00  6.621483e-03  1.057052e+00  2.194822e-02  9.555697e-01  4.777849e-01  1.010087e+00  5.054786e-01
185.000000   2     2.5   1.044000e+00  1.067000e+00  1.028813e+00  6.267562e-03  1.047906e+00  1.909363e-02  9.420634e-01  4.710317e-01  9.871942e-01  4.939248e-01
208.000000   2     2.5   1.038000e+00  1.057000e+00  1.023885e+00  6.001010e-03  1.040442e+00  1.655769e-02  9.292625e-01  4.646313e-01  9.668441e-01  4.836668e-01
232.500000   2     2.5   1.033000e+00  1.050000e+00  1.019980e+00  5.797831e-03  1.034990e+00  1.501012e-02  9.171077e-01  4.585539e-01  9.491972e-01  4.747982e-01
258.500000   2     2.5   1.029000e+00  1.043000e+00  1.016852e+00  5.641218e-03  1.029926e+00  1.307416e-02  9.055448e-01  4.527724e-01  9.326440e-01  4.664723e-01
286.000000   2     2.5   1.026000e+00  1.038000e+00  1.014321e+00  5.519244e-03  1.026161e+00  1.183927e-02  8.945249e-01  4.472625e-01  9.179264e-01  4.590853e-01
315.000000   2     2.5   1.023000e+00  1.033000e+00  1.012255e+00  5.423337e-03  1.022628e+00  1.037228e-02  8.840041e-01  4.420020e-01  9.040070e-01  4.520965e-01
346.000000   2     2.5   1.020000e+00  1.029000e+00  1.010529e+00  5.346174e-03  1.019765e+00  9.235382e-03  8.737853e-01  4.368927e-01  8.910554e-01  4.456008e-01
378.500000   2     2.5   1.018000e+00  1.026000e+00  1.009103e+00  5.284754e-03  1.017551e+00  8.448601e-03  8.640177e-01  4.320088e-01  8.791824e-01  4.396518e-01
412.500000   2     2.5   1.016000e+00  1.023000e+00  1.007914e+00  5.235459e-03  1.015457e+00  7.543087e-03  8.546641e-01  4.273321e-01  8.678746e-01  4.339852e-01
449.000000   2     2.5   1.015000e+00  1.021000e+00  1.006891e+00  5.194608e-03  1.013945e+00  7.054687e-03  8.454500e-01  4.227250e-01  8.572401e-01  4.286615e-01
487.500000   2     2.5   1.013000e+00  1.019000e+00  1.006021e+00  5.161207e-03  1.012511e+00  6.489396e-03  8.365145e-01  4.182573e-01  8.469799e-01  4.235247e-01
527.500000   2     2.5   1.012000e+00  1.017000e+00  1.005288e+00  5.134101e-03  1.011144e+00  5.856037e-03  8.279538e-01  4.139769e-01  8.371805e-01  4.186183e-01
570.000000   2     2.5   1.011000e+00  1.015000e+00  1.004652e+00  5.111474e-03  1.009826e+00  5.174160e-03  8.195463e-01  4.097731e-01  8.275990e-01  4.138212e-01
615.000000   2     2.5   1.010000e+00  1.014000e+00  1.004099e+00  5.092595e-03  1.009050e+00  4.950404e-03  8.113059e-01  4.056529e-01  8.186479e-01  4.093437e-01
662.000000   2     2.5   1.009000e+00  1.013000e+00  1.003624e+00  5.076990e-03  1.008312e+00  4.688144e-03  8.033234e-01  4.016617e-01  8.100005e-01  4.050178e-01
795.500000   2     2.5   1.007000e+00  1.010000e+00  1.002654e+00  5.047346e-03  1.006327e+00  3.672957e-03  7.834278e-01  3.917139e-01  7.883846e-01  3.942028e-01
